0.000174 0.000358 0.000549 0.000761 0.001004 0.001269 0.001565 0.001896 0.002239 0.002612 0.002982 0.003341 0.003663 0.003929 0.004119 0.004201 0.004297 0.004366 0.004391 0.004363 0.004273 0.004114 0.003897 0.003626 0.003322 0.002988 0.002641 0.002296 0.001965 0.001656 0.001371 0.001120 0.000894 0.000710 0.000543 0.000406 0.000283 0.000187 0.000088
0.000362 0.000739 0.001144 0.001599 0.002097 0.002665 0.003293 0.003989 0.004741 0.005525 0.006324 0.007100 0.007818 0.008408 0.008830 0.009019 0.009254 0.009417 0.009492 0.009434 0.009237 0.008896 0.008419 0.007830 0.007154 0.006419 0.005668 0.004910 0.004196 0.003523 0.002910 0.002367 0.001897 0.001492 0.001144 0.000853 0.000596 0.000381 0.000189
0.000578 0.001182 0.001838 0.002559 0.003381 0.004301 0.005338 0.006491 0.007745 0.009076 0.010443 0.011774 0.013006 0.014048 0.014806 0.015178 0.015619 0.015951 0.016103 0.016026 0.015697 0.015112 0.014284 0.013267 0.012088 0.010820 0.009517 0.008223 0.006992 0.005849 0.004812 0.003900 0.003103 0.002433 0.001858 0.001375 0.000971 0.000619 0.000297
0.000838 0.001716 0.002671 0.003739 0.004949 0.006338 0.007907 0.009667 0.011598 0.013671 0.015807 0.017937 0.019924 0.021631 0.022910 0.023594 0.024383 0.024991 0.025296 0.025219 0.024709 0.023775 0.022451 0.020791 0.018891 0.016845 0.014743 0.012684 0.010720 0.008914 0.007298 0.005877 0.004653 0.003628 0.002755 0.002040 0.001422 0.000901 0.000437
0.001155 0.002374 0.003705 0.005207 0.006938 0.008924 0.011213 0.013800 0.016674 0.019799 0.023066 0.026349 0.029465 0.032198 0.034296 0.035520 0.036916 0.037997 0.038579 0.038516 0.037768 0.036318 0.034226 0.031602 0.028608 0.025382 0.022101 0.018892 0.015868 0.013102 0.010643 0.008519 0.006700 0.005178 0.003913 0.002879 0.002000 0.001264 0.000611
0.001554 0.003196 0.005008 0.007075 0.009476 0.012280 0.015533 0.019272 0.023487 0.028108 0.033023 0.038032 0.042867 0.047188 0.050618 0.052739 0.055167 0.057061 0.058134 0.058175 0.057061 0.054814 0.051536 0.047428 0.042725 0.037706 0.032615 0.027677 0.023074 0.018899 0.015233 0.012081 0.009429 0.007233 0.005433 0.003958 0.002747 0.001727 0.000834
0.002046 0.004221 0.006645 0.009441 0.012728 0.016617 0.021204 0.026545 0.032649 0.039446 0.046778 0.054375 0.061835 0.068639 0.074201 0.077863 0.082019 0.085307 0.087244 0.087476 0.085845 0.082360 0.077232 0.070781 0.063432 0.055614 0.047753 0.040201 0.033211 0.026964 0.021534 0.016921 0.013084 0.009953 0.007409 0.005363 0.003700 0.002312 0.001111
0.002661 0.005500 0.008690 0.012422 0.016877 0.022226 0.028624 0.036186 0.044964 0.054899 0.065787 0.077260 0.088737 0.099442 0.108433 0.114673 0.121752 0.127406 0.130826 0.131459 0.129036 0.123624 0.115552 0.105408 0.093873 0.081707 0.069575 0.058035 0.047483 0.038164 0.030158 0.023455 0.017962 0.013528 0.009989 0.007168 0.004907 0.003056 0.001464
0.003403 0.007066 0.011225 0.016156 0.022121 0.029399 0.038242 0.048882 0.061427 0.075855 0.091966 0.109248 0.126877 0.143676 0.158183 0.168750 0.180734 0.190384 0.196357 0.197740 0.194130 0.185629 0.172870 0.156829 0.138711 0.119726 0.100990 0.083373 0.067478 0.053619 0.041904 0.032226 0.024413 0.018190 0.013303 0.009469 0.006437 0.003987 0.001904
0.004306 0.008964 0.014313 0.020751 0.028664 0.038469 0.050606 0.065425 0.083224 0.104095 0.127819 0.153771 0.180793 0.207138 0.230535 0.248303 0.268527 0.284901 0.295223 0.297971 0.292503 0.279081 0.258781 0.233313 0.204714 0.175024 0.146070 0.119205 0.095312 0.074806 0.057725 0.043858 0.032823 0.024193 0.017507 0.012344 0.008331 0.005127 0.002436
0.005372 0.011209 0.018018 0.026303 0.036682 0.049767 0.066220 0.086709 0.111777 0.141737 0.176503 0.215347 0.256697 0.297982 0.335660 0.365465 0.399479 0.427182 0.444877 0.450050 0.441671 0.420265 0.387753 0.347085 0.301761 0.255240 0.210436 0.169512 0.133711 0.103511 0.078796 0.059074 0.043651 0.031785 0.022752 0.015892 0.010634 0.006502 0.003079
0.006592 0.013818 0.022343 0.032899 0.046312 0.063541 0.085622 0.113638 0.148602 0.191293 0.241924 0.299804 0.362915 0.427558 0.488253 0.538073 0.595236 0.642012 0.672186 0.681571 0.668532 0.634082 0.581635 0.516339 0.444204 0.371072 0.301751 0.239512 0.186086 0.141891 0.106405 0.078636 0.057314 0.041205 0.029149 0.020149 0.013368 0.008124 0.003834
0.007969 0.016767 0.027271 0.040491 0.057598 0.079965 0.109174 0.146997 0.195224 0.255448 0.328605 0.414376 0.510389 0.611476 0.709260 0.792479 0.888525 0.967445 1.018696 1.035308 1.014679 0.958743 0.873520 0.768013 0.652674 0.537430 0.430142 0.335775 0.256489 0.192306 0.141894 0.103243 0.074166 0.052603 0.036760 0.025133 0.016537 0.009977 0.004691
0.009455 0.019967 0.032698 0.048979 0.070412 0.098960 0.136995 0.187280 0.252868 0.336783 0.441409 0.567545 0.712949 0.870792 1.028417 1.167489 1.329036 1.462167 1.548988 1.577862 1.544685 1.453065 1.313564 1.141995 0.956588 0.774527 0.608598 0.466106 0.349335 0.257124 0.186401 0.133383 0.094355 0.065985 0.045532 0.030796 0.020068 0.012025 0.005622
0.010999 0.023321 0.038434 0.058082 0.084406 0.120142 0.168717 0.234340 0.321987 0.437089 0.584754 0.768341 0.987108 1.232967 1.487363 1.720240 1.992533 2.217284 2.364018 2.413476 2.359284 2.207995 1.978000 1.696979 1.397244 1.108837 0.852732 0.638960 0.468766 0.338089 0.240479 0.169094 0.117700 0.081121 0.055250 0.036946 0.023851 0.014190 0.006613
0.012498 0.026622 0.044178 0.067350 0.098950 0.142650 0.203262 0.286996 0.401624 0.556360 0.761096 1.024542 1.350528 1.731948 2.143154 2.534818 2.995310 3.375047 3.622421 3.706101 3.616401 3.364898 2.983058 2.519133 2.031132 1.573206 1.179390 0.861777 0.617332 0.435484 0.303542 0.209543 0.143465 0.097422 0.065483 0.043301 0.027691 0.016366 0.007583
0.013861 0.029638 0.049501 0.076125 0.113057 0.165059 0.238645 0.342580 0.488496 0.691204 0.968427 1.338977 1.817714 2.405290 3.071123 3.735075 4.517358 5.159302 5.574858 5.714696 5.564786 5.144787 4.506934 3.734184 2.932299 2.203800 1.602505 1.137608 0.793663 0.546738 0.373113 0.252766 0.170182 0.113878 0.075563 0.049412 0.031315 0.018374 0.008481
0.014937 0.032070 0.053892 0.083578 0.125404 0.185351 0.271797 0.396580 0.576166 0.833011 1.196616 1.703046 2.390335 3.283887 4.363010 5.504488 6.841111 7.925322 8.619244 8.849691 8.597980 7.895777 6.825571 5.525075 4.189396 3.029812 2.123861 1.459019 0.989173 0.664740 0.444005 0.295237 0.195567 0.128998 0.084541 0.054702 0.034364 0.020036 0.009212
0.015589 0.033587 0.056768 0.088733 0.134442 0.200984 0.298659 0.442523 0.654476 0.966259 1.423007 2.087010 3.038460 4.364015 6.106819 8.119896 10.418850 12.241954 13.388985 13.762531 13.340477 12.170740 10.373812 8.160081 5.883760 4.045800 2.715038 1.799081 1.184077 0.776377 0.507938 0.331826 0.216470 0.140906 0.091285 0.058484 0.036450 0.021123 0.009669
0.015668 0.033869 0.057558 0.090605 0.138482 0.209169 0.314554 0.472516 0.710125 1.068430 1.609905 2.429549 3.670619 5.541334 8.300220 12.020443 15.997800 19.026995 20.892458 21.485863 20.783810 18.854771 15.857653 12.052342 8.001177 5.146910 3.288909 2.101577 1.345031 0.862423 0.553912 0.356232 0.229279 0.147498 0.094573 0.060066 0.037158 0.021415 0.009773
0.015065 0.032665 0.055765 0.088337 0.136047 0.207315 0.314934 0.478582 0.728770 1.113377 1.708398 2.637028 4.105837 6.483669 10.510656 17.986959 24.867138 29.761414 32.726810 33.650379 32.497002 29.367373 24.471336 17.955023 10.093130 6.005309 3.673651 2.280946 1.428983 0.900642 0.570139 0.362093 0.230475 0.146817 0.093332 0.058814 0.036162 0.020734 0.009434
0.013713 0.029796 0.051082 0.081347 0.126088 0.193539 0.296419 0.454501 0.698922 1.079139 1.674671 2.615202 4.115987 6.541140 10.510755 17.022366 23.504904 28.366413 31.335327 32.267509 31.124609 27.978291 22.992075 16.386667 9.888690 5.986777 3.657272 2.253538 1.398506 0.872899 0.547371 0.344532 0.217465 0.137457 0.086755 0.054335 0.033225 0.018977 0.008610
0.011591 0.025249 0.043433 0.069476 0.108254 0.167156 0.257638 0.397678 0.615659 0.956790 1.493352 2.341372 3.686951 5.825210 9.207851 14.466129 20.348866 24.742865 27.428101 28.271879 27.233730 24.364353 19.791716 13.694768 8.535947 5.272337 3.250586 2.007345 1.243384 0.772854 0.482056 0.301637 0.189244 0.118899 0.074618 0.046482 0.028296 0.016096 0.007283
0.008773 0.019149 0.033047 0.053076 0.083068 0.128893 0.199676 0.309765 0.481829 0.751800 1.176607 1.845987 2.899838 4.551546 7.114668 11.025984 15.725253 19.233349 21.377560 22.050695 21.217604 18.914009 15.240224 10.351583 6.537726 4.087974 2.541265 1.575790 0.976851 0.606233 0.376945 0.234893 0.146667 0.091693 0.057254 0.035499 0.021513 0.012198 0.005507
0.005387 0.011790 0.020418 0.032948 0.051837 0.080869 0.125952 0.196393 0.306875 0.480596 0.753973 1.183717 1.856702 2.903005 4.511975 6.952912 10.008226 12.293594 13.692211 14.132378 13.589380 12.085939 9.689510 6.510739 4.132544 2.599036 1.622796 1.008393 0.625009 0.387052 0.239772 0.148696 0.092326 0.057366 0.035593 0.021928 0.013216 0.007455 0.003356
0.001630 0.003591 0.006312 0.010348 0.016574 0.026329 0.041725 0.066130 0.104869 0.166377 0.263856 0.417761 0.659102 1.033968 1.609186 2.480739 3.607130 4.454418 4.976215 5.143830 4.947304 4.394998 3.513407 2.346803 1.487683 0.933403 0.580027 0.357636 0.219230 0.133855 0.081515 0.049557 0.030099 0.018249 0.011037 0.006627 0.003893 0.002151 0.000949
-0.002284 -0.004932 -0.008383 -0.013222 -0.020264 -0.030761 -0.046593 -0.070675 -0.107535 -0.164205 -0.251564 -0.386418 -0.594323 -0.913535 -1.400273 -2.136435 -3.038914 -3.706348 -4.108641 -4.227666 -4.057736 -3.605124 -2.888172 -1.937373 -1.244232 -0.796523 -0.508757 -0.324764 -0.207465 -0.132786 -0.085199 -0.054814 -0.035349 -0.022819 -0.014703 -0.009392 -0.005848 -0.003386 -0.001546
-0.006091 -0.013232 -0.022688 -0.036130 -0.056044 -0.086129 -0.132151 -0.203040 -0.312824 -0.483434 -0.749154 -1.163098 -1.806493 -2.801157 -4.325386 -6.635086 -9.478511 -11.593831 -12.879802 -13.274110 -12.755880 -11.345880 -9.104013 -6.127835 -3.912923 -2.483030 -1.568321 -0.987984 -0.621926 -0.391759 -0.247190 -0.156292 -0.099030 -0.062817 -0.039798 -0.025016 -0.015350 -0.008792 -0.003998
-0.009566 -0.020793 -0.035661 -0.056845 -0.088241 -0.135727 -0.208402 -0.320450 -0.494152 -0.764559 -1.186832 -1.847417 -2.880347 -4.489442 -6.974828 -10.759499 -15.269151 -18.626257 -20.671436 -21.304499 -20.492651 -18.270170 -14.731428 -10.020446 -6.369491 -4.017898 -2.523117 -1.581588 -0.991548 -0.622510 -0.391673 -0.247026 -0.156157 -0.098835 -0.062474 -0.039189 -0.024006 -0.013730 -0.006234
-0.012497 -0.027157 -0.046530 -0.074057 -0.114748 -0.176139 -0.269844 -0.413993 -0.637024 -0.983927 -1.526097 -2.377159 -3.717554 -5.830619 -9.147185 -14.273815 -19.993937 -24.264545 -26.871996 -27.684706 -26.662802 -23.856361 -19.390989 -13.438509 -8.459185 -5.284242 -3.294053 -2.055250 -1.285329 -0.806220 -0.507295 -0.320173 -0.202581 -0.128359 -0.081220 -0.050995 -0.031261 -0.017888 -0.008130
-0.014755 -0.032006 -0.054723 -0.086838 -0.134082 -0.204993 -0.312665 -0.477432 -0.731115 -1.124005 -1.736369 -2.697778 -4.220299 -6.655583 -10.587707 -16.935240 -23.263540 -28.040771 -30.963329 -31.877396 -30.743967 -27.635529 -22.720457 -16.233578 -9.983025 -6.139466 -3.795880 -2.360941 -1.476471 -0.927774 -0.585392 -0.370649 -0.235309 -0.149590 -0.094943 -0.059781 -0.036725 -0.021060 -0.009576
-0.016247 -0.035173 -0.059942 -0.094739 -0.145550 -0.221237 -0.335255 -0.508241 -0.772178 -1.177109 -1.802265 -2.775296 -4.307747 -6.768272 -10.860867 -18.161566 -24.704449 -29.597849 -32.564770 -33.486366 -32.333534 -29.206438 -24.320879 -18.074265 -10.561415 -6.393592 -3.944805 -2.461815 -1.548041 -0.978832 -0.621557 -0.395994 -0.252878 -0.161623 -0.103096 -0.065197 -0.040202 -0.023119 -0.010537
-0.016966 -0.036644 -0.062204 -0.097809 -0.149294 -0.225236 -0.338390 -0.507995 -0.763273 -1.148750 -1.732743 -2.620522 -3.974933 -6.046708 -9.206172 -13.893727 -24.205692 -28.781378 -31.480398 -32.304848 -31.199907 -28.292652 -23.749012 -14.950703 -9.341025 -5.864768 -3.705493 -2.353862 -1.501677 -0.961273 -0.617010 -0.396861 -0.255602 -0.164618 -0.105715 -0.067239 -0.041670 -0.024046 -0.010983
-0.016972 -0.036557 -0.061763 -0.096510 -0.146188 -0.218566 -0.324954 -0.481985 -0.714122 -1.057283 -1.563675 -2.308012 -3.393303 -4.950201 -7.108598 -9.881138 -14.889872 -18.135283 -20.002502 -20.587177 -19.917477 -18.055794 -15.056717 -10.827450 -7.354853 -4.877595 -3.201037 -2.091119 -1.363401 -0.888304 -0.578669 -0.376953 -0.245471 -0.159626 -0.103370 -0.066232 -0.041288 -0.023932 -0.010965
-0.016373 -0.035139 -0.059069 -0.091645 -0.137630 -0.203652 -0.299181 -0.437668 -0.638146 -0.927203 -1.341004 -1.926599 -2.740063 -3.835719 -5.234803 -6.855834 -9.517302 -11.522489 -12.735653 -13.138005 -12.743092 -11.599872 -9.798985 -7.532743 -5.450126 -3.803837 -2.598601 -1.752323 -1.172110 -0.779926 -0.517139 -0.342010 -0.225637 -0.148410 -0.097061 -0.062713 -0.039369 -0.022940 -0.010544
-0.015295 -0.032720 -0.054679 -0.084187 -0.125234 -0.183246 -0.265721 -0.382946 -0.548816 -0.781675 -1.104601 -1.544429 -2.127617 -2.869958 -3.756141 -4.708301 -6.194429 -7.388671 -8.144195 -8.409597 -8.182709 -7.499855 -6.441283 -5.157244 -3.907029 -2.845936 -2.017649 -1.404016 -0.964395 -0.656336 -0.443671 -0.298349 -0.199715 -0.133030 -0.087967 -0.057374 -0.036289 -0.021272 -0.009811
-0.013895 -0.029612 -0.049187 -0.075124 -0.110631 -0.159978 -0.228847 -0.324705 -0.457203 -0.638225 -0.881502 -1.200941 -1.606806 -2.098647 -2.654264 -3.217391 -4.070359 -4.775362 -5.235219 -5.404696 -5.276272 -4.873643 -4.252101 -3.502936 -2.746843 -2.071875 -1.517465 -1.087246 -0.766310 -0.533443 -0.367819 -0.251684 -0.171089 -0.115512 -0.077283 -0.050911 -0.032477 -0.019155 -0.008872
-0.012312 -0.026132 -0.043138 -0.065335 -0.095235 -0.136055 -0.191938 -0.268108 -0.370936 -0.507753 -0.686167 -0.912583 -1.189443 -1.510941 -1.857743 -2.192678 -2.690160 -3.106323 -3.383106 -3.488979 -3.416543 -3.179865 -2.813073 -2.368431 -1.907687 -1.480599 -1.115252 -0.820386 -0.592332 -0.421422 -0.296323 -0.206353 -0.142471 -0.097542 -0.066064 -0.043987 -0.028299 -0.016795 -0.007810
-0.010663 -0.022556 -0.036993 -0.055547 -0.080130 -0.113098 -0.157372 -0.216469 -0.294419 -0.395529 -0.523705 -0.681361 -0.867637 -1.076043 -1.292091 -1.492061 -1.785156 -2.031445 -2.197215 -2.262383 -2.221276 -2.081735 -1.863756 -1.596788 -1.314162 -1.044365 -0.805833 -0.606820 -0.447931 -0.325295 -0.233077 -0.165121 -0.115792 -0.080388 -0.055124 -0.037098 -0.024076 -0.014385 -0.006719
-0.009053 -0.019066 -0.031082 -0.046292 -0.066085 -0.092182 -0.126541 -0.171473 -0.229454 -0.302856 -0.393488 -0.501846 -0.625961 -0.760342 -0.894816 -1.014465 -1.188304 -1.334520 -1.433606 -1.473284 -1.449628 -1.366841 -1.236300 -1.074571 -0.900229 -0.729750 -0.574887 -0.441968 -0.332858 -0.246370 -0.179708 -0.129425 -0.092152 -0.064857 -0.045027 -0.030625 -0.020050 -0.012066 -0.005654
-0.007548 -0.015832 -0.025660 -0.037886 -0.053556 -0.073831 -0.100049 -0.133663 -0.176113 -0.228646 -0.291961 -0.365692 -0.447843 -0.534177 -0.617827 -0.689479 -0.793061 -0.880104 -0.939292 -0.963247 -0.949351 -0.899811 -0.821015 -0.722315 -0.614211 -0.506380 -0.406146 -0.318021 -0.243884 -0.183708 -0.136252 -0.099674 -0.072016 -0.051367 -0.036093 -0.024807 -0.016382 -0.009924 -0.004672
-0.006188 -0.012937 -0.020824 -0.030523 -0.042733 -0.058251 -0.077961 -0.102752 -0.133441 -0.170621 -0.214424 -0.264223 -0.318326 -0.373659 -0.425669 -0.468553 -0.530466 -0.582393 -0.617735 -0.632064 -0.623711 -0.593781 -0.545847 -0.485193 -0.417860 -0.349537 -0.284776 -0.226630 -0.176666 -0.135227 -0.101856 -0.075620 -0.055398 -0.040022 -0.028449 -0.019755 -0.013158 -0.008017 -0.003791
-0.004996 -0.010410 -0.016668 -0.024243 -0.033619 -0.045349 -0.059984 -0.078061 -0.100015 -0.126079 -0.156156 -0.189612 -0.225104 -0.260499 -0.292825 -0.318440 -0.355513 -0.386542 -0.407619 -0.416121 -0.410961 -0.392695 -0.363302 -0.325800 -0.283677 -0.240297 -0.198489 -0.160256 -0.126774 -0.098461 -0.075242 -0.056634 -0.042033 -0.030742 -0.022099 -0.015489 -0.010407 -0.006381 -0.003028
-0.003982 -0.008269 -0.013162 -0.018997 -0.026125 -0.034889 -0.045640 -0.058688 -0.074257 -0.092397 -0.112926 -0.135294 -0.158520 -0.181128 -0.201193 -0.216453 -0.238677 -0.257214 -0.269774 -0.274755 -0.271483 -0.260214 -0.242058 -0.218735 -0.192268 -0.164672 -0.137680 -0.112600 -0.090261 -0.071051 -0.055007 -0.041946 -0.031508 -0.023313 -0.016934 -0.011987 -0.008110 -0.005003 -0.002383
-0.003132 -0.006474 -0.010265 -0.014717 -0.020070 -0.026552 -0.034380 -0.043720 -0.054677 -0.067225 -0.081166 -0.096069 -0.111226 -0.125655 -0.138100 -0.147138 -0.160454 -0.171531 -0.178992 -0.181874 -0.179747 -0.172724 -0.161426 -0.146842 -0.130148 -0.112547 -0.095116 -0.078689 -0.063831 -0.050862 -0.039855 -0.030753 -0.023372 -0.017478 -0.012822 -0.009154 -0.006246 -0.003874 -0.001850
-0.002432 -0.005017 -0.007908 -0.011276 -0.015253 -0.020004 -0.025651 -0.032286 -0.039950 -0.048584 -0.058011 -0.067907 -0.077785 -0.086979 -0.094677 -0.100000 -0.107971 -0.114578 -0.118994 -0.120629 -0.119214 -0.114799 -0.107718 -0.098552 -0.087983 -0.076734 -0.065469 -0.054725 -0.044873 -0.036153 -0.028647 -0.022344 -0.017160 -0.012964 -0.009599 -0.006909 -0.004747 -0.002954 -0.001418
-0.001862 -0.003838 -0.006024 -0.008531 -0.011465 -0.014914 -0.018957 -0.023637 -0.028968 -0.034868 -0.041215 -0.047774 -0.054198 -0.060040 -0.064801 -0.067910 -0.072669 -0.076594 -0.079193 -0.080097 -0.079142 -0.076341 -0.071884 -0.066083 -0.059372 -0.052178 -0.044893 -0.037874 -0.031356 -0.025520 -0.020425 -0.016088 -0.012485 -0.009520 -0.007109 -0.005155 -0.003565 -0.002236 -0.001074
-0.001411 -0.002894 -0.004523 -0.006374 -0.008512 -0.010995 -0.013863 -0.017134 -0.020805 -0.024826 -0.029081 -0.033403 -0.037568 -0.041277 -0.044207 -0.045997 -0.048831 -0.051148 -0.052671 -0.053158 -0.052508 -0.050712 -0.047887 -0.044217 -0.039952 -0.035341 -0.030636 -0.026053 -0.021769 -0.017869 -0.014434 -0.011475 -0.008983 -0.006903 -0.005198 -0.003798 -0.002637 -0.001660 -0.000804
-0.001042 -0.002146 -0.003341 -0.004684 -0.006218 -0.007971 -0.009981 -0.012256 -0.014759 -0.017477 -0.020300 -0.023135 -0.025819 -0.028162 -0.029954 -0.030975 -0.032647 -0.034017 -0.034891 -0.035139 -0.034688 -0.033543 -0.031752 -0.029427 -0.026714 -0.023763 -0.020745 -0.017765 -0.014949 -0.012372 -0.010079 -0.008075 -0.006367 -0.004934 -0.003737 -0.002745 -0.001920 -0.001213 -0.000587
-0.000759 -0.001544 -0.002398 -0.003352 -0.004425 -0.005655 -0.007034 -0.008566 -0.010257 -0.012055 -0.013911 -0.015744 -0.017458 -0.018923 -0.020008 -0.020574 -0.021551 -0.022347 -0.022844 -0.022964 -0.022659 -0.021929 -0.020797 -0.019336 -0.017623 -0.015757 -0.013825 -0.011915 -0.010095 -0.008412 -0.006898 -0.005571 -0.004419 -0.003446 -0.002633 -0.001944 -0.001367 -0.000864 -0.000421
-0.000519 -0.001068 -0.001648 -0.002294 -0.003020 -0.003833 -0.004746 -0.005751 -0.006848 -0.008002 -0.009184 -0.010336 -0.011396 -0.012286 -0.012922 -0.013236 -0.013797 -0.014245 -0.014523 -0.014575 -0.014375 -0.013921 -0.013222 -0.012319 -0.011270 -0.010116 -0.008915 -0.007720 -0.006579 -0.005513 -0.004549 -0.003689 -0.002952 -0.002311 -0.001773 -0.001310 -0.000927 -0.000591 -0.000287
-0.000327 -0.000666 -0.001029 -0.001428 -0.001872 -0.002369 -0.002921 -0.003534 -0.004183 -0.004865 -0.005564 -0.006233 -0.006844 -0.007355 -0.007709 -0.007861 -0.008169 -0.008410 -0.008553 -0.008574 -0.008451 -0.008182 -0.007785 -0.007268 -0.006662 -0.006001 -0.005307 -0.004614 -0.003945 -0.003321 -0.002749 -0.002242 -0.001797 -0.001416 -0.001091 -0.000812 -0.000575 -0.000363 -0.000181
-0.000156 -0.000323 -0.000494 -0.000684 -0.000894 -0.001135 -0.001388 -0.001678 -0.001982 -0.002301 -0.002620 -0.002933 -0.003206 -0.003439 -0.003596 -0.003662 -0.003790 -0.003901 -0.003957 -0.003966 -0.003907 -0.003783 -0.003598 -0.003369 -0.003096 -0.002787 -0.002469 -0.002158 -0.001845 -0.001562 -0.001293 -0.001060 -0.000850 -0.000672 -0.000517 -0.000386 -0.000274 -0.000181 -0.000081
