0.003096 0.003179 0.003306 0.003463 0.003631 0.003780 0.003882 0.003903 0.003795 0.003523 0.003045 0.002330 0.001356 0.000119 -0.001364 -0.003061 -0.003783 -0.003530 -0.003449 -0.003505 -0.003651 -0.003833 -0.004015 -0.004159 -0.004244 -0.004253 -0.004180 -0.004029 -0.003813 -0.003547 -0.003247 -0.002931 -0.002616 -0.002321 -0.002054 -0.001826 -0.001642 -0.001506 -0.001425
0.003553 0.003663 0.003838 0.004048 0.004279 0.004501 0.004671 0.004755 0.004691 0.004426 0.003912 0.003102 0.001968 0.000493 -0.001305 -0.003382 -0.004294 -0.004038 -0.003999 -0.004135 -0.004378 -0.004659 -0.004927 -0.005139 -0.005267 -0.005285 -0.005189 -0.004991 -0.004708 -0.004357 -0.003965 -0.003557 -0.003156 -0.002780 -0.002442 -0.002154 -0.001926 -0.001757 -0.001654
0.004365 0.004521 0.004770 0.005087 0.005440 0.005804 0.006114 0.006313 0.006341 0.006106 0.005536 0.004570 0.003151 0.001251 -0.001116 -0.003897 -0.005170 -0.004920 -0.004976 -0.005265 -0.005698 -0.006175 -0.006619 -0.006967 -0.007167 -0.007200 -0.007061 -0.006768 -0.006352 -0.005844 -0.005282 -0.004699 -0.004135 -0.003610 -0.003136 -0.002739 -0.002425 -0.002197 -0.002057
0.005591 0.005824 0.006197 0.006687 0.007252 0.007846 0.008391 0.008804 0.008992 0.008837 0.008218 0.007031 0.005185 0.002627 -0.000642 -0.004550 -0.006417 -0.006203 -0.006446 -0.007024 -0.007800 -0.008627 -0.009380 -0.009954 -0.010279 -0.010336 -0.010120 -0.009664 -0.009021 -0.008242 -0.007389 -0.006517 -0.005677 -0.004903 -0.004221 -0.003645 -0.003187 -0.002865 -0.002668
0.007319 0.007673 0.008245 0.008998 0.009890 0.010852 0.011785 0.012569 0.013050 0.013067 0.012436 0.010977 0.008538 0.005021 0.000398 -0.005241 -0.008042 -0.007928 -0.008519 -0.009619 -0.010994 -0.012422 -0.013690 -0.014639 -0.015176 -0.015258 -0.014901 -0.014169 -0.013140 -0.011912 -0.010589 -0.009261 -0.007988 -0.006820 -0.005810 -0.004964 -0.004296 -0.003825 -0.003540
0.009674 0.010209 0.011075 0.012238 0.013630 0.015164 0.016713 0.018102 0.019110 0.019487 0.018948 0.017199 0.013977 0.009102 0.002504 -0.005729 -0.009981 -0.010105 -0.011338 -0.013346 -0.015753 -0.018187 -0.020312 -0.021886 -0.022748 -0.022850 -0.022239 -0.021031 -0.019371 -0.017426 -0.015357 -0.013300 -0.011355 -0.009595 -0.008075 -0.006824 -0.005851 -0.005159 -0.004743
0.012818 0.013616 0.014919 0.016684 0.018836 0.021259 0.023773 0.026143 0.028056 0.029124 0.028902 0.026917 0.022725 0.015984 0.006534 -0.005536 -0.012021 -0.012655 -0.015035 -0.018622 -0.022792 -0.026923 -0.030474 -0.033048 -0.034406 -0.034501 -0.033436 -0.031425 -0.028731 -0.025625 -0.022368 -0.019173 -0.016194 -0.013533 -0.011260 -0.009409 -0.007974 -0.006960 -0.006357
0.016944 0.018117 0.020059 0.022712 0.025996 0.029763 0.033778 0.037731 0.041161 0.043484 0.044018 0.042010 0.036700 0.027470 0.013963 -0.003771 -0.013679 -0.015316 -0.019733 -0.026039 -0.033204 -0.040186 -0.046082 -0.050257 -0.052365 -0.052367 -0.050484 -0.047105 -0.042699 -0.037726 -0.032595 -0.027637 -0.023082 -0.019067 -0.015681 -0.012947 -0.010848 -0.009373 -0.008503
0.022280 0.023998 0.026852 0.030794 0.035736 0.041511 0.047841 0.054289 0.060214 0.064762 0.066879 0.065351 0.058915 0.046466 0.027273 0.001242 -0.013921 -0.017438 -0.025438 -0.036425 -0.048659 -0.060401 -0.070160 -0.076890 -0.080089 -0.079783 -0.076420 -0.070711 -0.063477 -0.055496 -0.047420 -0.039744 -0.032800 -0.026775 -0.021754 -0.017738 -0.014692 -0.012566 -0.011313
0.029100 0.031581 0.035719 0.041497 0.048847 0.057605 0.067430 0.077762 0.087734 0.096107 0.101273 0.101300 0.094088 0.077679 0.050638 0.012513 -0.010686 -0.017632 -0.031867 -0.050889 -0.071731 -0.091447 -0.107542 -0.118317 -0.123050 -0.121935 -0.115880 -0.106197 -0.094304 -0.081490 -0.068788 -0.056937 -0.046399 -0.037396 -0.029995 -0.024148 -0.019759 -0.016720 -0.014936
0.037697 0.041223 0.047155 0.055521 0.066317 0.079417 0.094458 0.110765 0.127189 0.141989 0.152751 0.156429 0.149555 0.128682 0.091048 0.035417 -0.000026 -0.013116 -0.038182 -0.070974 -0.106432 -0.139506 -0.165984 -0.183110 -0.189869 -0.186876 -0.175936 -0.159446 -0.139862 -0.119303 -0.099374 -0.081161 -0.065257 -0.051892 -0.041066 -0.032628 -0.026364 -0.022068 -0.019559
0.048374 0.053325 0.061710 0.073666 0.089310 0.108637 0.131354 0.156713 0.183270 0.208646 0.229309 0.240541 0.236654 0.211615 0.160191 0.079461 0.025382 0.001450 -0.042366 -0.098790 -0.159096 -0.214584 -0.258085 -0.285078 -0.294232 -0.287124 -0.267298 -0.239138 -0.206869 -0.173937 -0.142803 -0.114963 -0.091129 -0.071459 -0.055774 -0.043714 -0.034865 -0.028855 -0.025369
0.061443 0.068291 0.079962 0.096797 0.119149 0.147268 0.181087 0.219935 0.262143 0.304603 0.342325 0.368133 0.372799 0.345871 0.277527 0.161321 0.078989 0.036111 -0.040139 -0.137190 -0.239866 -0.333073 -0.404475 -0.446623 -0.457942 -0.442120 -0.406130 -0.357955 -0.304818 -0.252242 -0.203848 -0.161586 -0.126172 -0.097505 -0.075025 -0.057989 -0.045642 -0.037325 -0.032539
0.077160 0.086480 0.102484 0.125818 0.157263 0.197562 0.247147 0.305724 0.371658 0.441204 0.507607 0.560272 0.584482 0.562307 0.475432 0.310147 0.185236 0.109440 -0.022980 -0.190057 -0.365220 -0.522123 -0.639338 -0.704385 -0.715849 -0.682012 -0.616601 -0.534142 -0.446836 -0.363298 -0.288595 -0.225014 -0.172941 -0.131631 -0.099813 -0.076064 -0.059068 -0.047729 -0.041249
0.095710 0.108179 0.129753 0.161560 0.205063 0.261857 0.333351 0.420188 0.521366 0.632966 0.746465 0.846897 0.911443 0.909745 0.807795 0.576925 0.388314 0.255420 0.025466 -0.262657 -0.562304 -0.827311 -1.019971 -1.118858 -1.123864 -1.053330 -0.934385 -0.793376 -0.650522 -0.518705 -0.404474 -0.309887 -0.234270 -0.175543 -0.131142 -0.098522 -0.075479 -0.060267 -0.051634
0.117149 0.133533 0.162088 0.204653 0.263733 0.342314 0.443503 0.569842 0.722119 0.897445 1.086384 1.269235 1.412082 1.464672 1.364296 1.051151 0.768133 0.535846 0.135804 -0.362172 -0.876362 -1.325975 -1.643692 -1.791035 -1.771952 -1.627266 -1.411043 -1.170602 -0.938419 -0.732474 -0.559926 -0.421160 -0.313002 -0.230841 -0.169886 -0.125826 -0.095114 -0.075044 -0.063736
0.141349 0.162457 0.199512 0.255358 0.333998 0.440517 0.580781 0.760724 0.984946 1.254090 1.560445 1.881196 2.169429 2.345208 2.294382 1.891172 1.469768 1.062465 0.363971 -0.498507 -1.383321 -2.150666 -2.678428 -2.891861 -2.805068 -2.510987 -2.118511 -1.710946 -1.337471 -1.020090 -0.763565 -0.563479 -0.411553 -0.298719 -0.216604 -0.158202 -0.118037 -0.092052 -0.077510
0.167956 0.194580 0.241655 0.313359 0.415757 0.556916 0.746841 0.996996 1.318947 1.721351 2.204046 2.747424 3.294961 3.728803 3.847295 3.381667 2.759227 2.035839 0.809406 -0.685499 -2.210265 -3.529805 -4.419639 -4.716305 -4.456150 -3.860726 -3.151232 -2.467696 -1.876251 -1.396207 -1.022556 -0.740126 -0.531281 -0.379608 -0.271316 -0.195519 -0.144052 -0.111093 -0.092776
0.196346 0.229191 0.287658 0.377601 0.507761 0.690200 0.940715 1.279009 1.727978 2.311225 3.046776 3.933346 4.922592 5.867310 6.437835 6.049451 5.133123 3.810326 1.641828 -0.943010 -3.566019 -5.855433 -7.401090 -7.788072 -7.094922 -5.889764 -4.619354 -3.493641 -2.578321 -1.870345 -1.340037 -0.951544 -0.671633 -0.472712 -0.333255 -0.237123 -0.172646 -0.131750 -0.109173
0.225619 0.265203 0.336090 0.446141 0.607346 0.836754 1.157697 1.601105 2.206409 3.021229 4.097645 5.480244 7.174992 9.071636 10.746167 10.920642 9.548573 6.988383 3.130963 -1.300419 -5.777469 -9.782103 -12.624780 -13.080199 -11.284436 -8.846367 -6.619094 -4.820677 -3.450527 -2.440649 -1.711890 -1.193693 -0.829322 -0.575572 -0.400659 -0.281772 -0.202947 -0.153382 -0.126184
0.254623 0.301164 0.384965 0.516131 0.710324 0.990389 1.388680 1.950036 2.735403 3.825776 5.325340 7.360989 10.071263 13.567399 17.821268 22.351822 21.969816 15.617954 7.485164 -1.510075 -10.469833 -18.468306 -24.454222 -23.654987 -17.768379 -12.887356 -9.159052 -6.425221 -4.467656 -3.087160 -2.123818 -1.456777 -0.997801 -0.683866 -0.470690 -0.327604 -0.233699 -0.175111 -0.143135
0.282017 0.335355 0.431855 0.583947 0.811150 1.142535 1.620294 2.304824 3.281839 4.672110 6.644681 9.434792 13.368847 18.904722 26.720404 37.994518 39.730110 28.206455 14.042176 -1.463371 -16.807291 -30.435600 -40.843155 -37.881481 -25.848154 -17.662430 -12.045477 -8.194195 -5.561818 -3.768505 -2.550382 -1.725080 -1.167320 -0.791524 -0.539555 -0.372213 -0.263339 -0.195873 -0.159218
0.306359 0.365913 0.474072 0.645480 0.903405 1.282984 1.836128 2.638817 3.801873 5.486861 7.929748 11.476797 16.640474 24.190668 35.310833 51.866619 55.069885 39.337715 19.900358 -1.365740 -22.418556 -41.201893 -55.804722 -51.291199 -33.864670 -22.454630 -14.929781 -9.943960 -6.631201 -4.426396 -2.957517 -1.978408 -1.325784 -0.891233 -0.602791 -0.412843 -0.290126 -0.214498 -0.173562
0.326252 0.391000 0.508923 0.696584 0.980503 1.401108 2.018858 2.923508 4.248138 6.190482 9.045402 13.255040 19.487099 28.758144 42.627991 63.498779 67.768341 48.459118 24.696104 -1.282978 -27.042253 -50.162807 -68.470474 -62.800102 -40.822723 -26.649158 -17.460886 -11.476534 -7.563472 -4.996413 -3.307884 -2.194904 -1.460289 -0.975308 -0.655772 -0.446685 -0.312315 -0.229838 -0.185320
0.340482 0.408995 0.534021 0.733541 1.036489 1.487246 2.152657 3.132805 4.577447 6.711249 9.872568 14.573314 21.591820 32.116749 47.969055 71.940582 76.929886 54.994049 28.120039 -1.233580 -30.375956 -56.648876 -77.696747 -71.231117 -45.953701 -29.760021 -19.344473 -12.618061 -8.257078 -5.419420 -3.566989 -2.354381 -1.558966 -1.036735 -0.694323 -0.471208 -0.328326 -0.240868 -0.193753
0.348140 0.418692 0.547569 0.753536 1.066842 1.534040 2.225477 3.246891 4.757164 6.995608 10.324043 15.291678 22.735310 33.933807 50.845306 76.469742 81.830727 58.477497 29.938295 -1.216246 -32.166096 -60.129871 -82.653137 -75.770187 -48.728886 -31.449846 -20.371078 -13.241539 -8.636250 -5.650643 -3.708504 -2.441364 -1.612696 -1.070122 -0.715240 -0.484484 -0.336975 -0.246817 -0.198290
0.348720 0.419424 0.548581 0.755011 1.069058 1.537418 2.230663 3.254871 4.769466 7.014588 10.353284 15.336582 22.803898 34.037872 51.002117 76.704956 82.079803 58.651180 30.022484 -1.226966 -32.269180 -60.315552 -82.905022 -75.999962 -48.876064 -31.543886 -20.430893 -13.279424 -8.660150 -5.665687 -3.717968 -2.447318 -1.616445 -1.072491 -0.716748 -0.485456 -0.337619 -0.247261 -0.198627
0.342184 0.411135 0.536986 0.737871 1.042984 1.497132 2.167817 3.156140 4.613453 6.766849 9.958346 14.705292 21.793882 32.423939 48.432289 72.634575 77.663376 55.503960 28.365780 -1.266689 -30.679983 -57.195396 -78.437775 -71.907425 -46.387325 -30.036987 -19.520416 -12.729306 -8.327165 -5.463487 -3.594681 -2.371797 -1.569938 -1.043674 -0.698738 -0.474048 -0.330201 -0.242169 -0.194753
0.328971 0.394412 0.513648 0.703476 0.990824 1.416790 2.042869 2.960455 4.305177 6.278673 9.181821 13.465775 19.811411 29.253763 43.377563 64.619225 68.946800 49.271782 25.082361 -1.341574 -27.531454 -51.038784 -69.658195 -63.885853 -41.520241 -27.093933 -17.742445 -11.653870 -7.674857 -5.066310 -3.351758 -2.222496 -1.477688 -0.986320 -0.662786 -0.451206 -0.315302 -0.231917 -0.186925
0.309939 0.370401 0.480262 0.654474 0.916838 1.303342 1.867232 2.686600 3.875589 5.600953 8.106793 11.751884 17.067532 24.850470 36.318184 53.371159 56.634964 40.395718 20.389469 -1.455612 -23.065701 -42.355049 -57.373875 -52.732643 -34.792702 -23.042793 -15.299176 -10.175085 -6.775724 -4.516876 -3.014284 -2.014132 -1.348342 -0.905533 -0.611919 -0.418742 -0.294040 -0.217232 -0.175670
0.286263 0.340657 0.439130 0.594467 0.826789 1.166131 1.656212 2.359823 3.366471 4.802985 6.848117 9.752710 13.868240 19.691677 27.954618 39.869858 41.630932 29.417891 14.573202 -1.593191 -17.569637 -31.788401 -42.724506 -39.635296 -26.969044 -18.358986 -12.476291 -8.461278 -5.728098 -3.872494 -2.615698 -1.766279 -1.193417 -0.808128 -0.550195 -0.379116 -0.267939 -0.199103 -0.161719
0.259308 0.306983 0.392903 0.527543 0.727177 1.015650 1.426890 2.008174 2.824327 3.962566 5.537224 7.692216 10.595798 14.414584 19.233950 24.837894 24.343769 16.797819 7.961416 -1.689262 -11.278703 -19.886122 -26.766819 -25.909422 -19.037638 -13.635684 -9.612350 -6.704424 -4.641520 -3.196270 -2.192694 -1.500463 -1.025634 -0.701687 -0.482178 -0.335105 -0.238724 -0.178657 -0.145898
0.230515 0.271252 0.344281 0.457818 0.624437 0.862139 1.195726 1.658363 2.293010 3.152821 4.298721 5.789859 7.657138 9.836079 11.995920 13.078463 11.541784 7.913757 3.486837 -1.468012 -6.450190 -10.953469 -14.610762 -15.069566 -12.423660 -9.530136 -7.040303 -5.084105 -3.616843 -2.546328 -1.779361 -1.236926 -0.857125 -0.593538 -0.412336 -0.289453 -0.208133 -0.157072 -0.129077
0.201243 0.235204 0.295720 0.388973 0.524226 0.714370 0.976450 1.332030 1.806818 2.428623 3.221696 4.193848 5.309421 6.436112 7.249217 7.096138 6.090431 4.396922 1.874011 -1.051166 -4.003378 -6.611160 -8.465395 -8.860295 -7.876220 -6.416181 -4.965368 -3.719193 -2.724966 -1.965641 -1.401992 -0.991857 -0.697904 -0.489888 -0.344538 -0.244617 -0.177758 -0.135418 -0.112064
0.172672 0.200321 0.249266 0.323961 0.430921 0.578869 0.778773 1.043506 1.386603 1.819430 2.345346 2.948784 3.576451 4.108396 4.323215 3.886658 3.207147 2.353239 0.937787 -0.761161 -2.487111 -3.990347 -5.018743 -5.327203 -4.957860 -4.232365 -3.412768 -2.646845 -1.997135 -1.477064 -1.076362 -0.775822 -0.554934 -0.395292 -0.281755 -0.202536 -0.148887 -0.114595 -0.095561
0.145743 0.167752 0.206447 0.264885 0.347424 0.459639 0.608071 0.799623 1.040105 1.331617 1.667935 2.027081 2.360774 2.582096 2.558210 2.125824 1.666040 1.215628 0.422358 -0.555580 -1.557686 -2.428591 -3.026817 -3.251849 -3.121490 -2.762296 -2.306162 -1.845805 -1.432059 -1.085384 -0.808156 -0.593715 -0.431970 -0.312474 -0.225896 -0.164539 -0.122456 -0.095293 -0.080113
0.121120 0.138279 0.168217 0.212943 0.275213 0.358361 0.465939 0.601069 0.765177 0.955974 1.164302 1.369778 1.535749 1.605363 1.503267 1.150504 0.841518 0.598865 0.153444 -0.407171 -0.987500 -1.495081 -1.851252 -2.007978 -1.970967 -1.793591 -1.541418 -1.268402 -1.009587 -0.783167 -0.595482 -0.445823 -0.329987 -0.242493 -0.177880 -0.131361 -0.099032 -0.077947 -0.066088
0.099205 0.112314 0.135013 0.168557 0.214577 0.274891 0.351180 0.444383 0.553766 0.675499 0.800761 0.913448 0.988121 0.989570 0.876188 0.609872 0.403855 0.272558 0.022177 -0.298682 -0.634637 -0.931870 -1.146151 -1.251824 -1.249399 -1.162271 -1.023183 -0.862495 -0.702535 -0.556871 -0.431953 -0.329391 -0.247984 -0.185137 -0.137832 -0.103222 -0.078855 -0.062801 -0.053708
0.080157 0.089985 0.106883 0.131570 0.164936 0.207851 0.260896 0.323898 0.395270 0.471119 0.544189 0.602796 0.630198 0.605257 0.505324 0.312120 0.175685 0.105248 -0.035350 -0.218844 -0.413417 -0.588026 -0.717466 -0.787049 -0.795444 -0.753056 -0.676349 -0.582131 -0.484042 -0.391355 -0.309301 -0.240052 -0.183732 -0.139316 -0.105269 -0.079955 -0.061906 -0.049896 -0.043040
0.063959 0.071200 0.083558 0.101412 0.125185 0.155186 0.191419 0.233224 0.278875 0.325044 0.366241 0.394412 0.398902 0.367270 0.287310 0.150372 0.060488 0.023490 -0.055142 -0.159955 -0.272691 -0.375449 -0.453693 -0.498684 -0.508729 -0.488417 -0.446057 -0.390878 -0.331010 -0.272486 -0.219138 -0.172931 -0.134470 -0.103518 -0.079370 -0.061143 -0.047976 -0.039130 -0.034045
0.050446 0.055690 0.064578 0.077285 0.093951 0.114589 0.138933 0.166200 0.194836 0.222243 0.244494 0.256210 0.250748 0.220900 0.160144 0.064504 0.005522 -0.013189 -0.056836 -0.116559 -0.181853 -0.242360 -0.289598 -0.318266 -0.326864 -0.317333 -0.293879 -0.261543 -0.225091 -0.188334 -0.153913 -0.123370 -0.097396 -0.076089 -0.059176 -0.046223 -0.036752 -0.030325 -0.026610
0.039360 0.043104 0.049403 0.058306 0.069812 0.083796 0.099900 0.117389 0.134999 0.150807 0.162096 0.165365 0.156545 0.131485 0.086741 0.020596 -0.017998 -0.026846 -0.050787 -0.084676 -0.122424 -0.158019 -0.186466 -0.204511 -0.210986 -0.206648 -0.193605 -0.174612 -0.152436 -0.129430 -0.107342 -0.087303 -0.069918 -0.055398 -0.043687 -0.034587 -0.027858 -0.023251 -0.020570
0.030411 0.033045 0.037447 0.043598 0.051429 0.060766 0.071259 0.082285 0.092884 0.101677 0.106827 0.106097 0.097030 0.077254 0.044971 -0.000472 -0.025671 -0.029334 -0.042225 -0.061321 -0.083075 -0.103969 -0.121036 -0.132269 -0.136819 -0.134923 -0.127627 -0.116432 -0.102930 -0.088552 -0.074439 -0.061373 -0.049819 -0.040006 -0.031971 -0.025646 -0.020917 -0.017656 -0.015746
0.023292 0.025120 0.028151 0.032342 0.037599 0.043746 0.050480 0.057309 0.063524 0.068167 0.070024 0.067685 0.059662 0.044626 0.021660 -0.009419 -0.025847 -0.026887 -0.033629 -0.044277 -0.056746 -0.068966 -0.079157 -0.086075 -0.089128 -0.088341 -0.084226 -0.077597 -0.069363 -0.060382 -0.051391 -0.042907 -0.035275 -0.028691 -0.023221 -0.018867 -0.015580 -0.013293 -0.011947
0.017701 0.018953 0.021013 0.023827 0.027311 0.031301 0.035549 0.039693 0.043224 0.045480 0.045677 0.042930 0.036350 0.025194 0.009013 -0.012176 -0.022881 -0.022691 -0.026055 -0.031895 -0.038985 -0.046085 -0.052129 -0.056348 -0.058328 -0.058023 -0.055673 -0.051724 -0.046689 -0.041081 -0.035360 -0.029868 -0.024849 -0.020457 -0.016765 -0.013787 -0.011520 -0.009932 -0.008989
0.013363 0.014206 0.015592 0.017462 0.019735 0.022286 0.024918 0.027369 0.029284 0.030218 0.029663 0.027061 0.021898 0.013763 0.002438 -0.011984 -0.018959 -0.018268 -0.019811 -0.022937 -0.026920 -0.031008 -0.034564 -0.037110 -0.038354 -0.038243 -0.036886 -0.034512 -0.031418 -0.027909 -0.024269 -0.020724 -0.017438 -0.014522 -0.012040 -0.010021 -0.008466 -0.007372 -0.006719
0.010041 0.010604 0.011523 0.012748 0.014212 0.015813 0.017410 0.018815 0.019780 0.020010 0.019177 0.016947 0.013007 0.007133 -0.000758 -0.010567 -0.015119 -0.014290 -0.014877 -0.016487 -0.018682 -0.021012 -0.023080 -0.024591 -0.025353 -0.025312 -0.024510 -0.023071 -0.021161 -0.018961 -0.016644 -0.014356 -0.012211 -0.010279 -0.008617 -0.007259 -0.006196 -0.005443 -0.004998
0.007527 0.007900 0.008499 0.009289 0.010217 0.011202 0.012149 0.012921 0.013341 0.013223 0.012357 0.010537 0.007582 0.003365 -0.002128 -0.008809 -0.011777 -0.010985 -0.011095 -0.011868 -0.013048 -0.014352 -0.015534 -0.016412 -0.016869 -0.016850 -0.016362 -0.015475 -0.014293 -0.012907 -0.011428 -0.009954 -0.008548 -0.007269 -0.006166 -0.005247 -0.004522 -0.004013 -0.003707
0.005662 0.005901 0.006282 0.006786 0.007361 0.007957 0.008501 0.008889 0.009005 0.008739 0.007950 0.006502 0.004301 0.001279 -0.002558 -0.007133 -0.009079 -0.008377 -0.008263 -0.008592 -0.009197 -0.009905 -0.010569 -0.011070 -0.011328 -0.011311 -0.011006 -0.010450 -0.009705 -0.008826 -0.007878 -0.006926 -0.006003 -0.005156 -0.004423 -0.003800 -0.003311 -0.002967 -0.002754
0.004298 0.004452 0.004695 0.005011 0.005366 0.005717 0.006004 0.006169 0.006132 0.005810 0.005122 0.003986 0.002342 0.000159 -0.002542 -0.005713 -0.007009 -0.006416 -0.006212 -0.006307 -0.006588 -0.006955 -0.007316 -0.007594 -0.007732 -0.007704 -0.007504 -0.007153 -0.006675 -0.006109 -0.005497 -0.004872 -0.004262 -0.003698 -0.003202 -0.002785 -0.002454 -0.002215 -0.002068
0.003330 0.003433 0.003594 0.003790 0.004006 0.004201 0.004337 0.004379 0.004266 0.003940 0.003350 0.002447 0.001198 -0.000415 -0.002370 -0.004622 -0.005497 -0.005001 -0.004774 -0.004745 -0.004849 -0.005028 -0.005214 -0.005362 -0.005432 -0.005401 -0.005262 -0.005032 -0.004722 -0.004345 -0.003937 -0.003517 -0.003105 -0.002719 -0.002378 -0.002091 -0.001860 -0.001692 -0.001587
0.002697 0.002767 0.002870 0.002993 0.003121 0.003229 0.003288 0.003262 0.003113 0.002801 0.002288 0.001546 0.000554 -0.000692 -0.002177 -0.003863 -0.004485 -0.004057 -0.003823 -0.003733 -0.003747 -0.003827 -0.003923 -0.003994 -0.004022 -0.003993 -0.003890 -0.003725 -0.003510 -0.003249 -0.002961 -0.002663 -0.002373 -0.002097 -0.001852 -0.001643 -0.001471 -0.001349 -0.001273
0.002335 0.002386 0.002461 0.002546 0.002629 0.002694 0.002713 0.002650 0.002487 0.002188 0.001723 0.001076 0.000232 -0.000812 -0.002036 -0.003413 -0.003903 -0.003523 -0.003294 -0.003176 -0.003150 -0.003179 -0.003224 -0.003260 -0.003263 -0.003230 -0.003151 -0.003018 -0.002848 -0.002651 -0.002427 -0.002193 -0.001969 -0.001750 -0.001557 -0.001393 -0.001256 -0.001153 -0.001093
