0.000717 0.001452 0.002223 0.003045 0.003929 0.004882 0.005903 0.006983 0.008105 0.009238 0.010343 0.011370 0.012258 0.012942 0.013358 0.013443 0.013518 0.013541 0.013468 0.013267 0.012916 0.012411 0.011760 0.010980 0.010100 0.009152 0.008169 0.007184 0.006227 0.005319 0.004479 0.003716 0.003033 0.002430 0.001902 0.001438 0.001029 0.000663 0.000324
0.000815 0.001652 0.002535 0.003484 0.004513 0.005632 0.006843 0.008138 0.009496 0.010884 0.012254 0.013543 0.014678 0.015576 0.016152 0.016325 0.016492 0.016583 0.016541 0.016325 0.015907 0.015283 0.014465 0.013480 0.012365 0.011165 0.009925 0.008688 0.007492 0.006367 0.005331 0.004398 0.003571 0.002846 0.002216 0.001669 0.001190 0.000764 0.000373
0.000985 0.002002 0.003082 0.004254 0.005539 0.006954 0.008507 0.010188 0.011976 0.013830 0.015688 0.017466 0.019065 0.020367 0.021253 0.021603 0.021956 0.022186 0.022212 0.021973 0.021433 0.020587 0.019456 0.018082 0.016525 0.014852 0.013130 0.011423 0.009785 0.008256 0.006862 0.005618 0.004528 0.003583 0.002772 0.002075 0.001473 0.000942 0.000459
0.001239 0.002524 0.003900 0.005410 0.007087 0.008960 0.011042 0.013332 0.015803 0.018403 0.021051 0.023629 0.025995 0.027976 0.029393 0.030064 0.030754 0.031242 0.031401 0.031138 0.030403 0.029190 0.027537 0.025516 0.023221 0.020762 0.018242 0.015763 0.013401 0.011217 0.009248 0.007509 0.006002 0.004713 0.003619 0.002691 0.001901 0.001211 0.000588
0.001593 0.003253 0.005046 0.007036 0.009275 0.011812 0.014673 0.017866 0.021362 0.025099 0.028963 0.032792 0.036372 0.039448 0.041743 0.042972 0.044254 0.045201 0.045609 0.045334 0.044300 0.042507 0.040019 0.036959 0.033484 0.029769 0.025988 0.022292 0.018802 0.015606 0.012756 0.010269 0.008137 0.006337 0.004830 0.003568 0.002504 0.001588 0.000770
0.002067 0.004232 0.006591 0.009239 0.012261 0.015731 0.019703 0.024200 0.029200 0.034626 0.040325 0.046068 0.051539 0.056353 0.060075 0.062262 0.064569 0.066316 0.067179 0.066925 0.065444 0.062741 0.058933 0.054227 0.048888 0.043203 0.037452 0.031876 0.026661 0.021936 0.017768 0.014175 0.011133 0.008597 0.006500 0.004769 0.003327 0.002101 0.001015
0.002687 0.005515 0.008626 0.012158 0.016243 0.021003 0.026531 0.032883 0.040056 0.047960 0.056398 0.065045 0.073439 0.080991 0.087026 0.090832 0.094896 0.098026 0.099698 0.099544 0.097391 0.093265 0.087373 0.080069 0.071795 0.063030 0.054225 0.045765 0.037936 0.030921 0.024807 0.019603 0.015254 0.011675 0.008756 0.006378 0.004424 0.002781 0.001340
0.003482 0.007166 0.011255 0.015956 0.021466 0.027981 0.035661 0.044622 0.054901 0.066413 0.078909 0.091941 0.104835 0.116695 0.126463 0.132998 0.140049 0.145547 0.148638 0.148734 0.145570 0.139209 0.130019 0.118602 0.105705 0.092123 0.078593 0.065723 0.053949 0.043532 0.034570 0.027043 0.020840 0.015804 0.011753 0.008496 0.005856 0.003664 0.001761
0.004485 0.009256 0.014602 0.020823 0.028218 0.037090 0.047711 0.060304 0.074986 0.091710 0.110186 0.129815 0.149620 0.168250 0.184037 0.195149 0.207257 0.216786 0.222336 0.222962 0.218257 0.208365 0.193927 0.175976 0.155777 0.134652 0.113807 0.094207 0.076506 0.061059 0.047961 0.037117 0.028311 0.021264 0.015673 0.011243 0.007700 0.004793 0.002297
0.005731 0.011860 0.018796 0.026969 0.036822 0.048821 0.063415 0.081005 0.101867 0.126063 0.153301 0.182813 0.213218 0.242480 0.267977 0.286744 0.307390 0.323743 0.333509 0.335163 0.328085 0.312571 0.289741 0.261362 0.229581 0.196614 0.164441 0.134583 0.108011 0.085177 0.066119 0.050587 0.038169 0.028379 0.020727 0.014750 0.010036 0.006216 0.002969
0.007254 0.015056 0.023972 0.034610 0.047623 0.063711 0.083599 0.107980 0.137424 0.172230 0.212215 0.256467 0.303091 0.349056 0.390236 0.421789 0.456818 0.484687 0.501620 0.505165 0.494384 0.469855 0.433526 0.388416 0.338183 0.286568 0.236835 0.191376 0.151591 0.117990 0.090430 0.068351 0.050985 0.037512 0.027139 0.019155 0.012945 0.007978 0.003798
0.009085 0.018910 0.030252 0.043956 0.060962 0.082313 0.109143 0.142620 0.183820 0.233521 0.291877 0.357977 0.429352 0.501563 0.568122 0.621047 0.680290 0.727527 0.756558 0.763454 0.746812 0.707729 0.649562 0.577461 0.497679 0.416596 0.339630 0.270516 0.211178 0.162039 0.122502 0.091407 0.067376 0.049035 0.035134 0.024593 0.016506 0.010121 0.004803
0.011246 0.023478 0.037736 0.055182 0.077140 0.105137 0.140907 0.186347 0.243383 0.313686 0.398201 0.496409 0.605388 0.718844 0.826611 0.915359 1.015364 1.095090 1.144395 1.157058 1.131019 1.068304 0.974631 0.858732 0.731337 0.603500 0.484299 0.379485 0.291483 0.220208 0.164067 0.120783 0.087942 0.063298 0.044912 0.031175 0.020781 0.012678 0.005998
0.013749 0.028784 0.046481 0.068401 0.096373 0.132581 0.179608 0.240445 0.318366 0.416617 0.537768 0.682584 0.848310 1.026548 1.201556 1.350700 1.519376 1.653399 1.736424 1.758763 1.717490 1.616247 1.464617 1.277224 1.072512 0.870122 0.685485 0.527203 0.397736 0.295483 0.216795 0.157399 0.113183 0.080572 0.056619 0.038978 0.025810 0.015667 0.007390
0.016588 0.034821 0.056483 0.083629 0.118732 0.164832 0.225674 0.305803 0.410547 0.545755 0.717061 0.928311 1.178713 1.458489 1.744001 1.996066 2.280488 2.504773 2.643363 2.681575 2.615386 2.451203 2.204798 1.900032 1.568385 1.246384 0.960676 0.723292 0.535007 0.390450 0.281974 0.201878 0.143392 0.100982 0.070302 0.048017 0.031592 0.019085 0.008976
0.019734 0.041534 0.067660 0.100759 0.144089 0.201771 0.279054 0.382593 0.520657 0.703127 0.940935 1.244314 1.618682 2.056618 2.525469 2.956404 3.435620 3.808558 4.037688 4.101390 3.994188 3.727251 3.326138 2.827896 2.284237 1.768830 1.328193 0.976178 0.706881 0.506499 0.360057 0.254303 0.178521 0.124448 0.085883 0.058226 0.038080 0.022902 0.010741
0.023137 0.048817 0.079839 0.119533 0.172082 0.242893 0.339071 0.469954 0.647736 0.888042 1.210151 1.636004 2.185886 2.866261 3.642546 4.395898 5.200030 5.813751 6.188583 6.292583 6.117504 5.683169 5.031578 4.215202 3.306262 2.475480 1.801542 1.289268 0.913337 0.642760 0.450166 0.313987 0.218075 0.150629 0.103128 0.069450 0.045172 0.027058 0.012657
0.026727 0.056514 0.092758 0.139544 0.202091 0.287280 0.404352 0.565815 0.788645 1.095833 1.518272 2.096512 2.880263 3.917860 5.211932 6.587414 7.916173 8.909002 9.516368 9.684128 9.395719 8.688400 7.638460 6.312204 4.734190 3.387711 2.376988 1.654771 1.148156 0.795145 0.549768 0.379377 0.261090 0.178914 0.121652 0.081441 0.052716 0.031461 0.014684
0.030405 0.064419 0.106066 0.160244 0.233280 0.333648 0.472904 0.667006 0.938159 1.317547 1.849559 2.598641 3.660308 5.174809 7.314274 10.043330 12.127232 13.694055 14.677025 14.949668 14.468441 13.308299 11.639984 9.585117 6.623699 4.460169 3.011936 2.046942 1.397469 0.956311 0.654871 0.448205 0.306223 0.208477 0.140932 0.093872 0.060507 0.035996 0.016766
0.034058 0.072284 0.119346 0.180973 0.264639 0.380455 0.542355 0.769770 1.090025 1.541944 2.181795 3.094507 4.418983 6.416784 9.689210 15.946542 18.630877 21.067862 22.696829 23.157810 22.338362 20.384796 17.732237 15.167910 8.685078 5.470330 3.604611 2.423281 1.643067 1.117769 0.761078 0.517970 0.351953 0.238363 0.160358 0.106352 0.068302 0.040521 0.018841
0.037559 0.079834 0.132128 0.200993 0.295046 0.426027 0.610220 0.870433 1.238716 1.760167 2.498354 3.543379 5.025229 7.140522 10.221375 14.956348 17.756660 20.621889 22.558645 23.120237 22.171383 19.833134 16.516987 13.119166 8.749930 5.932355 4.040637 2.753290 1.874306 1.274267 0.865132 0.586476 0.396786 0.267563 0.179261 0.118447 0.075829 0.044877 0.020834
0.040773 0.086776 0.143912 0.219519 0.323309 0.468603 0.673995 0.965630 1.380254 1.969139 2.802573 3.973109 5.590388 7.740406 10.304278 12.209391 17.529827 21.832678 24.540390 25.341389 24.128857 20.974855 16.104895 9.853518 8.544178 6.337059 4.463871 3.078035 2.101012 1.426424 0.965366 0.651882 0.439242 0.295017 0.196923 0.129687 0.082794 0.048895 0.022669
0.043563 0.092813 0.154188 0.235738 0.348179 0.506317 0.730974 1.051663 1.510231 2.165676 3.100047 4.424438 6.281784 8.838850 12.260578 16.729950 26.126707 33.179001 37.512527 38.811035 36.963825 32.096893 24.549870 14.791945 10.487131 7.335623 5.053297 3.444613 2.332886 1.573891 1.059362 0.711886 0.477591 0.319531 0.212557 0.139570 0.088888 0.052398 0.024265
0.045801 0.097663 0.162467 0.248853 0.368396 0.537194 0.778084 1.123783 1.621354 2.338570 3.372921 4.864356 7.013937 10.114529 14.614470 21.282261 33.272316 42.423775 48.069805 49.787853 47.448334 41.235935 31.639090 19.422808 12.812169 8.538993 5.708920 3.818547 2.553582 1.707319 1.141402 0.762936 0.509627 0.339741 0.225322 0.147584 0.093804 0.055213 0.025545
0.047377 0.101083 0.168316 0.258146 0.382782 0.559300 0.812106 1.176499 1.703949 2.469995 3.586303 5.219519 7.621859 11.183125 16.523222 24.657766 38.422653 49.010590 55.571381 57.588982 54.912350 47.768600 36.751156 22.786411 14.675539 9.549424 6.260672 4.126135 2.729438 1.810365 1.203098 0.800533 0.532851 0.354224 0.234396 0.153247 0.097264 0.057190 0.026443
0.048211 0.102891 0.171408 0.263064 0.390405 0.571048 0.830269 1.204841 1.748803 2.542312 3.705517 5.420818 7.969293 11.791128 17.585234 26.466902 41.167839 52.504204 59.542625 61.717731 58.865696 51.235046 39.471260 24.573385 15.702760 10.120592 6.574816 4.299976 2.827277 1.866657 1.236234 0.820451 0.545033 0.361772 0.239105 0.156181 0.099056 0.058213 0.026907
0.048257 0.102990 0.171570 0.263303 0.390748 0.571530 0.830949 1.205816 1.750256 2.544612 3.709430 5.427934 7.982761 11.816759 17.632572 26.549217 41.296658 52.667847 59.726727 61.907169 59.045528 51.391117 39.590988 24.647125 15.740520 10.137091 6.580622 4.301225 2.826970 1.866042 1.235724 0.820123 0.544855 0.361691 0.239079 0.156182 0.099066 0.058223 0.026913
0.047519 0.101381 0.168801 0.258868 0.383813 0.560747 0.814128 1.179356 1.708111 2.476398 3.596917 5.238550 7.658043 11.253502 16.657551 24.899220 38.802090 49.492107 56.112049 58.144722 55.439884 48.226719 37.102585 23.002064 14.779625 9.590772 6.272807 4.127061 2.727226 1.808015 1.201417 0.799534 0.532342 0.354013 0.234343 0.153267 0.097306 0.057227 0.026464
0.046039 0.098164 0.163284 0.250070 0.370132 0.539617 0.781428 1.128389 1.627780 2.347861 3.387283 4.888810 7.060064 10.208183 14.808452 21.665443 33.883129 43.196133 48.932590 50.672413 48.288155 41.966824 32.200249 19.763441 12.948976 8.577732 5.711152 3.811215 2.546144 1.702085 1.138290 0.761314 0.508903 0.339506 0.225322 0.147675 0.093909 0.055296 0.025590
0.043900 0.093523 0.155350 0.237472 0.350657 0.509767 0.735689 1.058002 1.518635 2.176739 3.114828 4.445615 6.317440 8.914024 12.448201 17.211987 26.946249 34.201096 38.640747 39.962414 38.058109 33.055145 25.290041 15.219981 10.570924 7.315873 5.019004 3.418495 2.316820 1.565090 1.054997 0.709988 0.476959 0.319492 0.212752 0.139821 0.089110 0.052555 0.024345
0.041211 0.087703 0.145433 0.221802 0.326592 0.473196 0.680279 0.974010 1.391031 1.982217 2.816844 3.985416 5.594737 7.733032 10.325693 12.580722 18.573984 23.052465 25.853086 26.672583 25.397562 22.103306 17.010599 10.146722 8.346521 6.166926 4.365316 3.027431 2.076752 1.415597 0.961080 0.650628 0.439284 0.295526 0.197523 0.130219 0.083201 0.049163 0.022801
0.038100 0.080981 0.134021 0.203858 0.299209 0.431924 0.618410 0.881539 1.253235 1.777913 2.516954 3.554257 5.002550 7.009223 9.757979 13.455807 9.018036 10.232593 11.290563 11.602230 11.066442 9.738715 8.030995 10.229381 7.723497 5.542877 3.887017 2.692396 1.851212 1.266721 0.863806 0.587416 0.398338 0.269076 0.180513 0.119395 0.076494 0.045293 0.021034
0.034698 0.073647 0.121611 0.184432 0.269729 0.387795 0.552796 0.784417 1.110182 1.568817 2.215494 3.131074 4.441667 6.369554 9.391438 14.797198 14.273691 15.237244 16.140059 16.382259 15.794652 14.509094 13.051213 12.790403 7.905990 5.205584 3.516561 2.398113 1.640012 1.121723 0.766474 0.522893 0.355896 0.241322 0.162488 0.107833 0.069284 0.041115 0.019120
0.031135 0.065981 0.108677 0.164268 0.239276 0.342445 0.485722 0.685615 0.965124 1.356606 1.906287 2.681959 3.787055 5.386712 7.748056 11.237147 19.559580 22.029865 23.479317 23.846640 23.010714 21.098318 18.283695 11.167660 7.061966 4.619043 3.090379 2.094586 1.429108 0.977913 0.669691 0.458347 0.313133 0.213157 0.144074 0.095951 0.061839 0.036784 0.017132
0.027532 0.058242 0.095660 0.144048 0.208866 0.297354 0.419287 0.588014 0.821861 1.146109 1.595795 2.219563 3.084288 4.277152 5.890241 7.936527 11.787189 13.914100 15.032207 15.317052 14.797049 13.508866 11.421763 8.169595 5.589094 3.794507 2.583777 1.767403 1.213154 0.834304 0.574077 0.394777 0.270976 0.185308 0.125795 0.084107 0.054388 0.032436 0.015132
0.023996 0.050663 0.082948 0.124378 0.179408 0.253866 0.355484 0.494607 0.685074 0.945276 1.299326 1.777843 2.416950 3.251542 4.293553 5.479284 7.464275 8.844263 9.619182 9.834833 9.517954 8.696132 7.397127 5.695944 4.148591 2.941657 2.061106 1.436853 0.999418 0.694216 0.481585 0.333505 0.230361 0.158433 0.108106 0.072609 0.047132 0.028191 0.013176
0.020618 0.043438 0.070871 0.105767 0.151674 0.213142 0.296077 0.408160 0.559303 0.762021 1.031553 1.385098 1.839028 2.401796 3.059253 3.750955 4.839184 5.674356 6.173740 6.325035 6.137296 5.633758 4.857659 3.902392 2.975053 2.193102 1.583900 1.129850 0.799769 0.563197 0.395048 0.276127 0.192258 0.133154 0.091414 0.061723 0.040239 0.024148 0.011309
0.017471 0.036721 0.059683 0.088611 0.126258 0.176075 0.242419 0.330771 0.447882 0.601779 0.801362 1.055238 1.369051 1.740477 2.151323 2.558461 3.175639 3.671002 3.980267 4.080301 3.970980 3.668764 3.208553 2.652254 2.091693 1.592884 1.183434 0.864297 0.623704 0.446210 0.317121 0.224125 0.157536 0.110003 0.076057 0.051664 0.033847 0.020386 0.009570
0.014605 0.030619 0.049564 0.073181 0.103556 0.143235 0.195332 0.263610 0.352473 0.466783 0.611342 0.789827 1.002837 1.244900 1.500692 1.742044 2.098845 2.391209 2.578762 2.642308 2.578935 2.398898 2.125291 1.794687 1.452816 1.136517 0.865919 0.646739 0.475855 0.346145 0.249533 0.178529 0.126822 0.089373 0.062283 0.042591 0.028056 0.016967 0.007984
0.012051 0.025197 0.040614 0.059620 0.083758 0.114860 0.155087 0.206939 0.273167 0.356557 0.459461 0.582993 0.725783 0.882340 1.041393 1.185143 1.393771 1.566317 1.678810 1.718089 1.681127 1.573822 1.410179 1.211141 1.001071 0.800841 0.623764 0.475572 0.356500 0.263660 0.192870 0.139773 0.100417 0.071466 0.050232 0.034599 0.022925 0.013925 0.006570
0.009820 0.020479 0.032862 0.047953 0.066870 0.090898 0.121499 0.160283 0.208900 0.268847 0.341111 0.425621 0.520515 0.621290 0.720154 0.805993 0.928837 1.030799 1.097860 1.121651 1.099791 1.035502 0.936923 0.815945 0.686051 0.559261 0.444047 0.344912 0.263106 0.197728 0.146751 0.107742 0.078308 0.056306 0.039931 0.027715 0.018477 0.011274 0.005335
0.007909 0.016449 0.026277 0.038113 0.052751 0.071076 0.094053 0.122687 0.157926 0.200511 0.250723 0.308039 0.370717 0.435389 0.496830 0.548128 0.620770 0.681096 0.720918 0.735079 0.721900 0.683078 0.623237 0.549127 0.468371 0.387982 0.313262 0.247425 0.191802 0.146342 0.110148 0.081914 0.060231 0.043761 0.031320 0.021908 0.014700 0.009012 0.004277
0.006301 0.013068 0.020783 0.029963 0.041163 0.054981 0.072039 0.092946 0.118221 0.148184 0.182785 0.221406 0.262625 0.304041 0.342214 0.372844 0.415902 0.451616 0.475182 0.483468 0.475344 0.451677 0.415067 0.369352 0.318898 0.267835 0.219457 0.175949 0.138418 0.107118 0.081710 0.061527 0.045760 0.033593 0.024264 0.017108 0.011553 0.007118 0.003388
0.004970 0.010278 0.016275 0.023324 0.031809 0.042126 0.054668 0.069792 0.087765 0.108685 0.132375 0.158270 0.185292 0.211776 0.235480 0.253725 0.279267 0.300404 0.314297 0.319051 0.313924 0.299347 0.276774 0.248391 0.216722 0.184217 0.152911 0.124253 0.099072 0.077685 0.060011 0.045729 0.034390 0.025503 0.018589 0.013210 0.008979 0.005558 0.002654
0.003885 0.008012 0.012633 0.018000 0.024373 0.032012 0.041158 0.052016 0.064707 0.079224 0.095364 0.112664 0.130338 0.147255 0.161960 0.172784 0.187926 0.200416 0.208565 0.211224 0.207915 0.198841 0.184813 0.167080 0.147114 0.126370 0.106107 0.087267 0.070441 0.055911 0.043706 0.033684 0.025604 0.019175 0.014102 0.010099 0.006908 0.004297 0.002057
0.003014 0.006200 0.009734 0.013791 0.018545 0.024162 0.030790 0.038537 0.047451 0.057479 0.068435 0.079963 0.091506 0.102302 0.111414 0.117796 0.126753 0.134111 0.138857 0.140293 0.138111 0.132399 0.123614 0.112466 0.099819 0.086545 0.073417 0.061042 0.049829 0.039999 0.031617 0.024630 0.018914 0.014300 0.010608 0.007654 0.005268 0.003293 0.001581
0.002325 0.004770 0.007458 0.010509 0.014038 0.018149 0.022930 0.028436 0.034673 0.041580 0.049001 0.056673 0.064206 0.071093 0.076729 0.080459 0.085738 0.090051 0.092788 0.093522 0.092054 0.088419 0.082870 0.075817 0.067768 0.059244 0.050723 0.042592 0.035129 0.028495 0.022759 0.017912 0.013889 0.010597 0.007927 0.005762 0.003990 0.002506 0.001207
0.001788 0.003660 0.005701 0.007990 0.010603 0.013605 0.017047 0.020955 0.025314 0.030068 0.035094 0.040200 0.045120 0.049515 0.052995 0.055148 0.058241 0.060752 0.062307 0.062647 0.061640 0.059298 0.055760 0.051266 0.046113 0.040613 0.035064 0.029712 0.024740 0.020265 0.016346 0.012989 0.010166 0.007826 0.005902 0.004320 0.003010 0.001898 0.000917
0.001378 0.002815 0.004366 0.006087 0.008027 0.010225 0.012710 0.015490 0.018547 0.021827 0.025243 0.028653 0.031877 0.034689 0.036834 0.038055 0.039853 0.041300 0.042167 0.042290 0.041586 0.040054 0.037773 0.034880 0.031552 0.027979 0.024342 0.020801 0.017475 0.014447 0.011763 0.009435 0.007450 0.005786 0.004398 0.003241 0.002272 0.001439 0.000696
0.001072 0.002185 0.003377 0.004684 0.006139 0.007765 0.009577 0.011574 0.013739 0.016026 0.018370 0.020671 0.022803 0.024615 0.025940 0.026616 0.027652 0.028474 0.028942 0.028952 0.028448 0.027425 0.025928 0.024037 0.021856 0.019503 0.017090 0.014720 0.012472 0.010403 0.008546 0.006916 0.005510 0.004315 0.003305 0.002453 0.001729 0.001100 0.000534
0.000853 0.001734 0.002670 0.003686 0.004802 0.006033 0.007386 0.008856 0.010425 0.012059 0.013706 0.015295 0.016736 0.017927 0.018757 0.019118 0.019710 0.020172 0.020413 0.020365 0.019991 0.019286 0.018273 0.017001 0.015532 0.013941 0.012299 0.010674 0.009115 0.007667 0.006353 0.005185 0.004167 0.003289 0.002538 0.001897 0.001344 0.000858 0.000418
0.000705 0.001431 0.002198 0.003022 0.003916 0.004891 0.005948 0.007082 0.008275 0.009500 0.010716 0.011869 0.012892 0.013714 0.014255 0.014441 0.014783 0.015045 0.015160 0.015085 0.014794 0.014278 0.013553 0.012649 0.011606 0.010471 0.009294 0.008120 0.006985 0.005919 0.004942 0.004066 0.003292 0.002617 0.002034 0.001528 0.001088 0.000697 0.000340
0.000621 0.001258 0.001928 0.002642 0.003412 0.004242 0.005135 0.006082 0.007068 0.008070 0.009052 0.009970 0.010771 0.011397 0.011788 0.011887 0.012104 0.012264 0.012317 0.012231 0.011985 0.011571 0.010998 0.010287 0.009468 0.008576 0.007646 0.006714 0.005807 0.004950 0.004156 0.003440 0.002801 0.002238 0.001748 0.001319 0.000942 0.000605 0.000297
