0.000215 0.000228 0.000250 0.000279 0.000314 0.000354 0.000397 0.000440 0.000480 0.000512 0.000533 0.000538 0.000525 0.000491 0.000436 0.000532 0.000612 0.000506 0.000392 0.000273 0.000156 0.000046 -0.000053 -0.000136 -0.000202 -0.000249 -0.000277 -0.000289 -0.000288 -0.000275 -0.000255 -0.000230 -0.000204 -0.000178 -0.000153 -0.000133 -0.000116 -0.000104 -0.000096
0.000448 0.000476 0.000521 0.000583 0.000660 0.000748 0.000842 0.000936 0.001024 0.001096 0.001144 0.001158 0.001133 0.001062 0.000943 0.001153 0.001325 0.001095 0.000844 0.000585 0.000328 0.000087 -0.000129 -0.000311 -0.000452 -0.000552 -0.000612 -0.000635 -0.000628 -0.000597 -0.000551 -0.000496 -0.000437 -0.000379 -0.000326 -0.000280 -0.000243 -0.000217 -0.000200
0.000715 0.000761 0.000838 0.000944 0.001075 0.001225 0.001387 0.001551 0.001705 0.001834 0.001923 0.001956 0.001920 0.001805 0.001608 0.001969 0.002262 0.001864 0.001430 0.000980 0.000534 0.000115 -0.000258 -0.000569 -0.000809 -0.000975 -0.001071 -0.001103 -0.001083 -0.001024 -0.000938 -0.000837 -0.000732 -0.000631 -0.000538 -0.000460 -0.000397 -0.000351 -0.000324
0.001034 0.001106 0.001227 0.001391 0.001596 0.001833 0.002093 0.002359 0.002611 0.002828 0.002984 0.003053 0.003012 0.002844 0.002541 0.003120 0.003584 0.002946 0.002245 0.001513 0.000790 0.000112 -0.000487 -0.000982 -0.001359 -0.001613 -0.001750 -0.001785 -0.001736 -0.001625 -0.001475 -0.001305 -0.001131 -0.000965 -0.000817 -0.000690 -0.000590 -0.000519 -0.000476
0.001426 0.001534 0.001714 0.001962 0.002272 0.002636 0.003038 0.003456 0.003860 0.004216 0.004484 0.004620 0.004586 0.004352 0.003904 0.004805 0.005520 0.004523 0.003417 0.002260 0.001115 0.000047 -0.000890 -0.001657 -0.002230 -0.002602 -0.002788 -0.002810 -0.002703 -0.002504 -0.002250 -0.001969 -0.001687 -0.001424 -0.001191 -0.000996 -0.000844 -0.000735 -0.000669
0.001913 0.002072 0.002335 0.002702 0.003165 0.003712 0.004325 0.004972 0.005612 0.006191 0.006644 0.006902 0.006900 0.006586 0.005936 0.007331 0.008420 0.006872 0.005140 0.003323 0.001528 -0.000141 -0.001596 -0.002770 -0.003627 -0.004161 -0.004396 -0.004376 -0.004160 -0.003808 -0.003379 -0.002921 -0.002472 -0.002061 -0.001702 -0.001406 -0.001176 -0.001013 -0.000916
0.002521 0.002748 0.003130 0.003663 0.004344 0.005161 0.006087 0.007083 0.008089 0.009022 0.009781 0.010256 0.010338 0.009936 0.009001 0.011157 0.012811 0.010410 0.007702 0.004853 0.002039 -0.000566 -0.002816 -0.004605 -0.005877 -0.006628 -0.006903 -0.006781 -0.006361 -0.005747 -0.005031 -0.004290 -0.003583 -0.002946 -0.002400 -0.001956 -0.001614 -0.001374 -0.001232
0.003272 0.003595 0.004140 0.004909 0.005901 0.007106 0.008496 0.010019 0.011590 0.013088 0.014356 0.015214 0.015477 0.014990 0.013658 0.016996 0.019512 0.015778 0.011534 0.007056 0.002640 -0.001428 -0.004909 -0.007631 -0.009508 -0.010542 -0.010817 -0.010475 -0.009687 -0.008626 -0.007443 -0.006256 -0.005148 -0.004170 -0.003348 -0.002687 -0.002188 -0.001840 -0.001635
0.004192 0.004646 0.005415 0.006509 0.007939 0.009703 0.011774 0.014088 0.016532 0.018928 0.021034 0.022558 0.023191 0.022656 0.020775 0.025965 0.029797 0.023966 0.017289 0.010229 0.003282 -0.003085 -0.008480 -0.012621 -0.015374 -0.016758 -0.016931 -0.016148 -0.014706 -0.012892 -0.010949 -0.009058 -0.007336 -0.005849 -0.004622 -0.003653 -0.002929 -0.002430 -0.002138
0.005302 0.005930 0.006999 0.008539 0.010580 0.013136 0.016195 0.019689 0.023470 0.027287 0.030773 0.033455 0.034807 0.034338 0.031712 0.039815 0.045663 0.036511 0.025959 0.014789 0.003823 -0.006170 -0.014545 -0.020847 -0.024860 -0.026638 -0.026480 -0.024845 -0.022249 -0.019175 -0.016007 -0.013017 -0.010364 -0.008125 -0.006313 -0.004908 -0.003873 -0.003168 -0.002760
0.006615 0.007470 0.008940 0.011078 0.013950 0.017615 0.022090 0.027323 0.033139 0.039195 0.044942 0.049624 0.052345 0.052224 0.048618 0.061320 0.070261 0.055803 0.039043 0.021309 0.003952 -0.011774 -0.024813 -0.034412 -0.040218 -0.042355 -0.041383 -0.038139 -0.033529 -0.028358 -0.023232 -0.018543 -0.014498 -0.011164 -0.008524 -0.006514 -0.005055 -0.004075 -0.003511
0.008133 0.009279 0.011262 0.014185 0.018175 0.023358 0.029831 0.037594 0.046473 0.056031 0.065473 0.073602 0.078896 0.079752 0.074919 0.094911 0.108570 0.085566 0.058819 0.030570 0.003027 -0.021788 -0.042156 -0.056808 -0.065135 -0.067383 -0.064617 -0.058382 -0.050280 -0.041646 -0.033420 -0.026141 -0.020041 -0.015143 -0.011352 -0.008521 -0.006501 -0.005159 -0.004395
0.009838 0.011344 0.013974 0.017898 0.023344 0.030567 0.039800 0.051179 0.064607 0.079590 0.095034 0.109093 0.119186 0.122369 0.116153 0.147719 0.168510 0.131601 0.088709 0.043600 -0.000180 -0.039436 -0.071386 -0.093846 -0.105665 -0.107291 -0.100780 -0.089041 -0.074921 -0.060627 -0.047553 -0.036387 -0.027318 -0.020232 -0.014879 -0.010966 -0.008221 -0.006420 -0.005405
0.011685 0.013623 0.017035 0.022199 0.029490 0.039367 0.052316 0.068746 0.088801 0.112068 0.137181 0.161406 0.180435 0.188811 0.181434 0.231349 0.262685 0.202886 0.133804 0.061683 -0.007939 -0.070162 -0.120560 -0.155264 -0.171860 -0.171045 -0.156925 -0.135116 -0.110706 -0.087262 -0.066739 -0.049866 -0.036609 -0.026552 -0.019145 -0.013847 -0.010197 -0.007838 -0.006520
0.013599 0.016031 0.020355 0.026988 0.036525 0.049733 0.067517 0.090792 0.120252 0.155911 0.196388 0.237942 0.273607 0.293263 0.286125 0.364960 0.411138 0.313158 0.201526 0.086300 -0.024258 -0.122987 -0.203075 -0.257524 -0.280622 -0.273146 -0.243740 -0.203571 -0.161735 -0.123753 -0.092047 -0.067029 -0.048061 -0.034110 -0.024104 -0.017107 -0.012376 -0.009363 -0.007695
0.015468 0.018436 0.023766 0.032055 0.044192 0.061390 0.085184 0.117355 0.159677 0.213315 0.277664 0.348415 0.415039 0.459075 0.457049 0.580744 0.645464 0.482930 0.302348 0.118884 -0.055959 -0.212459 -0.340961 -0.428839 -0.461046 -0.437166 -0.377002 -0.303498 -0.232589 -0.172082 -0.124142 -0.087953 -0.061533 -0.042714 -0.029582 -0.020607 -0.014651 -0.010910 -0.008861
0.017142 0.020654 0.027016 0.037050 0.052010 0.073687 0.104513 0.147600 0.206607 0.285154 0.385268 0.504084 0.627982 0.725067 0.743478 0.934229 1.014193 0.741455 0.450317 0.160251 -0.114198 -0.361032 -0.569392 -0.718605 -0.765056 -0.701478 -0.578800 -0.445264 -0.327092 -0.233041 -0.162662 -0.111985 -0.076411 -0.051888 -0.035233 -0.024106 -0.016855 -0.012364 -0.009928
0.018446 0.022454 0.029782 0.041486 0.059238 0.085523 0.123902 0.179323 0.258353 0.369037 0.519584 0.714091 0.941764 1.155200 1.242633 1.524933 1.586680 1.126933 0.663146 0.209467 -0.216771 -0.600938 -0.940332 -1.216342 -1.291103 -1.127590 -0.876194 -0.636855 -0.445363 -0.304444 -0.205297 -0.137313 -0.091427 -0.060788 -0.040517 -0.027259 -0.018765 -0.013574 -0.010783
0.019190 0.023584 0.031679 0.044764 0.064918 0.095344 0.140852 0.208574 0.308899 0.456558 0.671190 0.975103 1.380796 1.847509 2.165380 2.541819 2.440982 1.681440 0.962958 0.261905 -0.393152 -0.973598 -1.512329 -2.093409 -2.244449 -1.806671 -1.289815 -0.873838 -0.578262 -0.378648 -0.246823 -0.160645 -0.104583 -0.068221 -0.044720 -0.029637 -0.020120 -0.014370 -0.011303
0.019191 0.023790 0.032321 0.046247 0.067978 0.101319 0.152192 0.229804 0.348522 0.530922 0.812629 1.249281 1.921568 2.906436 4.023406 4.376093 3.572766 2.441062 1.386325 0.306695 -0.701702 -1.530516 -2.263390 -3.707006 -4.115215 -2.829341 -1.791395 -1.118357 -0.699861 -0.440501 -0.278837 -0.177381 -0.113350 -0.072782 -0.047050 -0.030787 -0.020652 -0.014588 -0.011375
0.018307 0.022868 0.031376 0.045377 0.067443 0.101706 0.154734 0.237016 0.365549 0.568563 0.894914 1.435084 2.376269 4.175864 8.210227 7.941993 4.465763 3.481106 2.037554 0.325154 -1.292570 -2.407451 -2.635082 -6.898745 -8.282559 -4.018319 -2.190335 -1.272069 -0.764791 -0.469151 -0.291467 -0.182664 -0.115246 -0.073163 -0.046800 -0.030316 -0.020136 -0.014090 -0.010904
0.016453 0.020694 0.028639 0.041788 0.062659 0.095316 0.146259 0.225916 0.351183 0.549886 0.868868 1.389035 2.252667 3.702763 6.059911 4.662830 2.113640 2.178247 1.457284 0.409139 -0.593507 -1.195761 -1.047014 -3.802907 -5.539857 -3.359349 -2.000239 -1.201031 -0.730052 -0.448530 -0.277888 -0.173304 -0.108683 -0.068533 -0.043524 -0.027980 -0.018435 -0.012796 -0.009834
0.013626 0.017253 0.024071 0.035404 0.053476 0.081874 0.126310 0.195836 0.304779 0.475748 0.744058 1.163258 1.808137 2.759077 4.013960 2.846170 1.204836 1.344500 0.992480 0.388184 -0.208610 -0.561348 -0.511253 -2.174747 -3.416631 -2.370816 -1.543090 -0.977604 -0.612741 -0.382695 -0.238937 -0.149356 -0.093558 -0.058796 -0.037155 -0.023738 -0.015529 -0.010695 -0.008165
0.009915 0.012656 0.017825 0.026454 0.040269 0.062046 0.096161 0.149422 0.232273 0.360348 0.556066 0.848923 1.270682 1.836683 2.499940 1.708956 0.703888 0.807106 0.635764 0.303334 -0.037458 -0.248212 -0.254858 -1.232245 -2.014090 -1.511294 -1.049619 -0.696681 -0.450320 -0.286604 -0.180789 -0.113490 -0.071094 -0.044547 -0.028004 -0.017766 -0.011522 -0.007858 -0.005947
0.005488 0.007121 0.010221 0.015435 0.023846 0.037193 0.058197 0.091031 0.141922 0.219782 0.336479 0.505750 0.738771 1.033534 1.357715 0.911777 0.369525 0.427015 0.347773 0.182776 0.009099 -0.103126 -0.119857 -0.636006 -1.061904 -0.831917 -0.601084 -0.411178 -0.271185 -0.174571 -0.110594 -0.069338 -0.043191 -0.026815 -0.016650 -0.010400 -0.006619 -0.004419 -0.003280
0.000582 0.000960 0.001710 0.003037 0.005296 0.009067 0.015267 0.025317 0.041333 0.066288 0.103981 0.158449 0.232204 0.322795 0.418530 0.278530 0.108855 0.121621 0.095013 0.044346 -0.007118 -0.038547 -0.040503 -0.208078 -0.348593 -0.275181 -0.199623 -0.135960 -0.088373 -0.055461 -0.033870 -0.020227 -0.011841 -0.006796 -0.003817 -0.002088 -0.001105 -0.000568 -0.000304
-0.004521 -0.005460 -0.007179 -0.009935 -0.014140 -0.020423 -0.029717 -0.043380 -0.063323 -0.092134 -0.133034 -0.189464 -0.263831 -0.355038 -0.455310 -0.304252 -0.130342 -0.162067 -0.147494 -0.099731 -0.042332 0.002158 0.022353 0.167268 0.287762 0.239118 0.184506 0.135428 0.096175 0.066852 0.045843 0.031180 0.021117 0.014291 0.009707 0.006666 0.004692 0.003472 0.002811
-0.009516 -0.011744 -0.015878 -0.022629 -0.033165 -0.049307 -0.073837 -0.110908 -0.166578 -0.249323 -0.370199 -0.541773 -0.774125 -1.065653 -1.388664 -0.932295 -0.390456 -0.468506 -0.401760 -0.238954 -0.058487 0.066849 0.101060 0.587744 0.991560 0.794396 0.590115 0.416817 0.284874 0.190639 0.125923 0.082552 0.053930 0.035231 0.023110 0.015329 0.010423 0.007464 0.005887
-0.014108 -0.017507 -0.023833 -0.034209 -0.050494 -0.075618 -0.114117 -0.172912 -0.262394 -0.397772 -0.600308 -0.897168 -1.316493 -1.870401 -2.515867 -1.714628 -0.723178 -0.851674 -0.693716 -0.361118 -0.011016 0.212951 0.234551 1.163414 1.919574 1.473098 1.051138 0.717878 0.477574 0.312816 0.203093 0.131263 0.084716 0.054748 0.035557 0.023360 0.015735 0.011165 0.008741
-0.018036 -0.022405 -0.030545 -0.043914 -0.064935 -0.097467 -0.147553 -0.224612 -0.343247 -0.525952 -0.806855 -1.235855 -1.879461 -2.804069 -3.998462 -2.813206 -1.218761 -1.397561 -1.059525 -0.448324 0.164192 0.530484 0.487375 2.054234 3.270592 2.342956 1.577356 1.031083 0.664649 0.425756 0.272105 0.173907 0.111327 0.071506 0.046216 0.030240 0.020295 0.014354 0.011209
-0.021097 -0.026175 -0.035630 -0.051144 -0.075522 -0.113251 -0.171413 -0.261213 -0.400486 -0.617931 -0.960412 -1.505616 -2.382972 -3.798484 -5.995654 -4.524497 -2.100415 -2.257241 -1.544568 -0.471710 0.561768 1.180346 1.005359 3.545148 5.298512 3.393805 2.115182 1.315406 0.821492 0.515786 0.325505 0.206394 0.131479 0.084200 0.054327 0.035513 0.023824 0.016847 0.013155
-0.023167 -0.028656 -0.038852 -0.055537 -0.081664 -0.121948 -0.183838 -0.279135 -0.426764 -0.657717 -1.024455 -1.620701 -2.629224 -4.458994 -8.216271 -7.494449 -4.247657 -3.658487 -2.165401 -0.387186 1.292632 2.452289 2.386069 6.243623 8.036681 4.315450 2.483840 1.486455 0.910399 0.565908 0.355390 0.224904 0.143243 0.091815 0.059333 0.038863 0.026131 0.018521 0.014490
-0.024208 -0.029806 -0.040168 -0.057035 -0.083275 -0.123418 -0.184528 -0.277627 -0.420024 -0.639246 -0.979752 -1.514555 -2.364153 -3.717609 -5.786514 -13.319207 -13.218154 -5.432137 -2.756765 -0.148013 2.355863 4.593839 10.176329 11.639905 6.785789 3.979287 2.381923 1.453803 0.901031 0.564909 0.357276 0.227517 0.145745 0.093927 0.061013 0.040165 0.027139 0.019325 0.015176
-0.024274 -0.029708 -0.039716 -0.055886 -0.080802 -0.118468 -0.174982 -0.259545 -0.385972 -0.574843 -0.856245 -1.272143 -1.873904 -2.698997 -3.678826 -6.853457 -7.550537 -4.358499 -2.151142 -0.256526 1.511220 3.260989 5.405552 5.985360 4.480773 3.016582 1.959493 1.258648 0.806928 0.518128 0.333596 0.215453 0.139631 0.090887 0.059562 0.039527 0.026909 0.019294 0.015233
-0.023489 -0.028539 -0.037781 -0.052577 -0.075101 -0.108637 -0.158014 -0.230193 -0.334973 -0.485669 -0.699174 -0.993825 -1.381212 -1.843797 -2.286952 -3.808914 -4.400523 -2.938294 -1.547720 -0.275729 0.905810 2.010774 2.990943 3.291513 2.791380 2.088424 1.467701 0.998642 0.668047 0.442936 0.292367 0.192611 0.126881 0.083736 0.055539 0.037258 0.025618 0.018533 0.014733
-0.022028 -0.026543 -0.034745 -0.047738 -0.067241 -0.095771 -0.136873 -0.195373 -0.277543 -0.390939 -0.543372 -0.739920 -0.976134 -1.225370 -1.421441 -2.216927 -2.613021 -1.876620 -1.052308 -0.244846 0.509589 1.179747 1.693826 1.880268 1.713487 1.383794 1.039127 0.746379 0.521487 0.358053 0.243126 0.163946 0.110123 0.073897 0.049732 0.033801 0.023522 0.017201 0.013787
-0.020089 -0.023988 -0.031016 -0.042018 -0.058281 -0.081620 -0.114467 -0.159915 -0.221603 -0.303252 -0.407507 -0.533570 -0.673095 -0.804551 -0.888821 -1.327583 -1.575830 -1.177608 -0.694118 -0.196786 0.272255 0.677524 0.972333 1.097530 1.049371 0.896734 0.710770 0.535536 0.389818 0.277086 0.193735 0.133926 0.091894 0.062814 0.042971 0.029643 0.020912 0.015480 0.012522
-0.017869 -0.021134 -0.026968 -0.035991 -0.049116 -0.067582 -0.092955 -0.127070 -0.171824 -0.228705 -0.297871 -0.376655 -0.457469 -0.525754 -0.559781 -0.810096 -0.962518 -0.736272 -0.451391 -0.149247 0.138551 0.384955 0.562809 0.648835 0.643369 0.574290 0.475747 0.373583 0.282236 0.207308 0.149167 0.105733 0.074162 0.051691 0.035987 0.025227 0.018062 0.013549 0.011071
-0.015540 -0.018198 -0.022909 -0.030105 -0.040403 -0.054604 -0.073656 -0.098563 -0.130178 -0.168832 -0.213730 -0.262107 -0.308297 -0.343189 -0.354979 -0.501045 -0.594255 -0.461369 -0.292011 -0.109212 0.066526 0.217296 0.327513 0.386628 0.395173 0.365392 0.313995 0.255507 0.199558 0.151093 0.111730 0.081160 0.058192 0.041373 0.029330 0.020907 0.015206 0.011568 0.009553
-0.013244 -0.015356 -0.019067 -0.024666 -0.032550 -0.043212 -0.057187 -0.074966 -0.096835 -0.122616 -0.151304 -0.180643 -0.206765 -0.224180 -0.226511 -0.313162 -0.370327 -0.290486 -0.188828 -0.078104 0.029210 0.122004 0.191267 0.231596 0.243156 0.231605 0.205305 0.172300 0.138613 0.107899 0.081855 0.060870 0.044589 0.032332 0.023344 0.016928 0.012512 0.009658 0.008062
-0.011084 -0.012725 -0.015585 -0.019848 -0.025759 -0.033601 -0.043653 -0.056115 -0.070997 -0.087947 -0.106064 -0.123691 -0.138312 -0.146682 -0.145348 -0.197431 -0.232698 -0.183949 -0.122357 -0.055022 0.010691 0.068104 0.111961 0.139239 0.149851 0.146475 0.133379 0.115002 0.094990 0.075829 0.058908 0.044788 0.033493 0.024758 0.018202 0.013429 0.010089 0.007903 0.006669
-0.009125 -0.010375 -0.012536 -0.015721 -0.020073 -0.025743 -0.032856 -0.041463 -0.051455 -0.062477 -0.073817 -0.084327 -0.092412 -0.096176 -0.093742 -0.125398 -0.147312 -0.117186 -0.079545 -0.038374 0.002035 0.037732 0.065625 0.083936 0.092471 0.092510 0.086260 0.076176 0.064424 0.052619 0.041783 0.032435 0.024738 0.018630 0.013943 0.010464 0.007990 0.006350 0.005417
-0.007400 -0.008335 -0.009941 -0.012282 -0.015435 -0.019473 -0.024439 -0.030311 -0.036952 -0.044056 -0.051103 -0.057324 -0.061728 -0.063208 -0.060740 -0.080171 -0.093892 -0.075095 -0.051905 -0.026580 -0.001609 0.020686 0.038480 0.050695 0.057127 0.058380 0.055607 0.050169 0.043342 0.036147 0.029290 0.023183 0.018014 0.013812 0.010517 0.008026 0.006227 0.005020 0.004328
-0.005919 -0.006609 -0.007784 -0.009480 -0.011733 -0.014573 -0.018000 -0.021965 -0.026339 -0.030887 -0.035239 -0.038894 -0.041243 -0.041640 -0.039523 -0.051557 -0.060215 -0.048392 -0.033999 -0.018327 -0.002815 0.011172 0.022551 0.030660 0.035324 0.036823 0.035762 0.032895 0.028973 0.024628 0.020332 0.016388 0.012960 0.010108 0.007826 0.006070 0.004783 0.003911 0.003406
-0.004675 -0.005176 -0.006024 -0.007236 -0.008827 -0.010801 -0.013144 -0.015799 -0.018660 -0.021552 -0.024226 -0.026356 -0.027571 -0.027493 -0.025815 -0.033329 -0.038831 -0.031345 -0.022352 -0.012594 -0.002910 0.005901 0.013194 0.018557 0.021857 0.023218 0.022957 0.021494 0.019268 0.016668 0.013999 0.011477 0.009228 0.007315 0.005754 0.004534 0.003627 0.003005 0.002644
-0.003647 -0.004007 -0.004611 -0.005467 -0.006578 -0.007938 -0.009524 -0.011288 -0.013148 -0.014979 -0.016612 -0.017842 -0.018440 -0.018188 -0.016917 -0.021643 -0.025163 -0.020395 -0.014741 -0.008633 -0.002557 0.003015 0.007696 0.011234 0.013529 0.014634 0.014713 0.014003 0.012758 0.011215 0.009571 0.007971 0.006510 0.005240 0.004186 0.003348 0.002717 0.002280 0.002025
-0.002809 -0.003063 -0.003490 -0.004088 -0.004855 -0.005783 -0.006849 -0.008013 -0.009215 -0.010368 -0.011360 -0.012061 -0.012333 -0.012048 -0.011112 -0.014103 -0.016368 -0.013317 -0.009745 -0.005902 -0.002074 0.001460 0.004469 0.006797 0.008374 0.009218 0.009416 0.009098 0.008413 0.007506 0.006501 0.005494 0.004553 0.003718 0.003013 0.002444 0.002012 0.001709 0.001530
-0.002133 -0.002312 -0.002608 -0.003021 -0.003547 -0.004174 -0.004884 -0.005647 -0.006418 -0.007140 -0.007739 -0.008133 -0.008237 -0.007978 -0.007305 -0.009207 -0.010668 -0.008711 -0.006445 -0.004020 -0.001602 0.000644 0.002579 0.004106 0.005178 0.005797 0.006010 0.005890 0.005523 0.004995 0.004385 0.003757 0.003155 0.002612 0.002145 0.001764 0.001470 0.001263 0.001139
-0.001589 -0.001712 -0.001917 -0.002198 -0.002553 -0.002972 -0.003440 -0.003936 -0.004428 -0.004877 -0.005236 -0.005452 -0.005477 -0.005265 -0.004789 -0.006000 -0.006944 -0.005689 -0.004252 -0.002720 -0.001192 0.000235 0.001475 0.002471 0.003191 0.003634 0.003820 0.003792 0.003601 0.003298 0.002931 0.002542 0.002162 0.001812 0.001506 0.001254 0.001057 0.000917 0.000834
-0.001154 -0.001237 -0.001373 -0.001561 -0.001796 -0.002071 -0.002376 -0.002693 -0.003002 -0.003278 -0.003490 -0.003607 -0.003597 -0.003436 -0.003109 -0.003874 -0.004479 -0.003681 -0.002776 -0.001814 -0.000855 0.000044 0.000833 0.001475 0.001950 0.002255 0.002402 0.002412 0.002317 0.002145 0.001928 0.001690 0.001453 0.001232 0.001035 0.000871 0.000742 0.000649 0.000593
-0.000798 -0.000852 -0.000941 -0.001062 -0.001212 -0.001387 -0.001578 -0.001775 -0.001964 -0.002129 -0.002251 -0.002312 -0.002293 -0.002179 -0.001963 -0.002436 -0.002814 -0.002318 -0.001760 -0.001170 -0.000582 -0.000029 0.000459 0.000862 0.001165 0.001366 0.001472 0.001493 0.001448 0.001353 0.001227 0.001086 0.000943 0.000806 0.000683 0.000580 0.000499 0.000440 0.000404
-0.000501 -0.000533 -0.000586 -0.000658 -0.000747 -0.000850 -0.000960 -0.001074 -0.001182 -0.001274 -0.001341 -0.001370 -0.001353 -0.001281 -0.001150 -0.001422 -0.001642 -0.001356 -0.001035 -0.000697 -0.000361 -0.000044 0.000238 0.000473 0.000652 0.000774 0.000841 0.000860 0.000841 0.000791 0.000723 0.000645 0.000563 0.000485 0.000414 0.000354 0.000307 0.000272 0.000250
-0.000241 -0.000256 -0.000281 -0.000314 -0.000355 -0.000402 -0.000454 -0.000506 -0.000555 -0.000596 -0.000625 -0.000637 -0.000627 -0.000592 -0.000531 -0.000655 -0.000756 -0.000625 -0.000480 -0.000326 -0.000173 -0.000028 0.000102 0.000209 0.000292 0.000349 0.000382 0.000393 0.000385 0.000365 0.000334 0.000299 0.000263 0.000228 0.000195 0.000168 0.000145 0.000130 0.000120
