0.000529 0.000562 0.000646 0.000697 0.000763 0.000828 0.000874 0.000951 0.000971 0.000951 0.000878 0.000708 0.000479 0.000145 -0.000285 -0.000807 -0.001055 -0.001000 -0.001003 -0.001073 -0.001178 -0.001279 -0.001363 -0.001413 -0.001454 -0.001464 -0.001415 -0.001340 -0.001266 -0.001153 -0.001007 -0.000867 -0.000746 -0.000643 -0.000539 -0.000463 -0.000413 -0.000370 -0.000334
0.001130 0.001193 0.001288 0.001417 0.001562 0.001749 0.001916 0.002033 0.002119 0.002088 0.001930 0.001624 0.001119 0.000394 -0.000553 -0.001666 -0.002163 -0.002073 -0.002129 -0.002293 -0.002513 -0.002745 -0.002957 -0.003131 -0.003214 -0.003190 -0.003092 -0.002929 -0.002683 -0.002406 -0.002137 -0.001864 -0.001602 -0.001349 -0.001145 -0.000955 -0.000813 -0.000713 -0.000650
0.001834 0.001932 0.002090 0.002341 0.002617 0.002917 0.003215 0.003441 0.003599 0.003613 0.003386 0.002908 0.002093 0.000921 -0.000612 -0.002531 -0.003449 -0.003324 -0.003459 -0.003757 -0.004173 -0.004629 -0.005032 -0.005320 -0.005438 -0.005430 -0.005261 -0.004941 -0.004560 -0.004118 -0.003621 -0.003110 -0.002652 -0.002250 -0.001859 -0.001569 -0.001338 -0.001179 -0.001085
0.002645 0.002818 0.003102 0.003460 0.003928 0.004422 0.004910 0.005367 0.005652 0.005738 0.005530 0.004861 0.003681 0.001919 -0.000480 -0.003412 -0.004834 -0.004728 -0.005048 -0.005680 -0.006460 -0.007261 -0.007964 -0.008448 -0.008694 -0.008653 -0.008361 -0.007870 -0.007185 -0.006387 -0.005575 -0.004808 -0.004047 -0.003353 -0.002831 -0.002343 -0.001944 -0.001700 -0.001548
0.003669 0.003932 0.004359 0.004934 0.005622 0.006407 0.007250 0.008022 0.008613 0.008890 0.008696 0.007890 0.006274 0.003747 0.000241 -0.004271 -0.006540 -0.006487 -0.007141 -0.008280 -0.009659 -0.011065 -0.012242 -0.013073 -0.013474 -0.013392 -0.012875 -0.012017 -0.010909 -0.009666 -0.008375 -0.007118 -0.005974 -0.004939 -0.004036 -0.003349 -0.002832 -0.002427 -0.002197
0.004949 0.005339 0.005966 0.006862 0.007955 0.009178 0.010479 0.011749 0.012844 0.013540 0.013590 0.012677 0.010560 0.006997 0.001886 -0.004751 -0.008235 -0.008438 -0.009762 -0.011837 -0.014275 -0.016642 -0.018661 -0.020074 -0.020681 -0.020504 -0.019639 -0.018205 -0.016398 -0.014405 -0.012376 -0.010411 -0.008607 -0.007055 -0.005734 -0.004666 -0.003864 -0.003311 -0.002977
0.006575 0.007135 0.008088 0.009359 0.010991 0.012937 0.015024 0.017144 0.019064 0.020462 0.020949 0.020134 0.017513 0.012681 0.005359 -0.004479 -0.009864 -0.010579 -0.013043 -0.016745 -0.020993 -0.025125 -0.028521 -0.030770 -0.031718 -0.031359 -0.029839 -0.027465 -0.024544 -0.021328 -0.018085 -0.015042 -0.012319 -0.009944 -0.007996 -0.006460 -0.005262 -0.004425 -0.003952
0.008568 0.009368 0.010735 0.012676 0.015129 0.018009 0.021265 0.024711 0.027993 0.030660 0.032164 0.031783 0.028741 0.022315 0.011958 -0.002492 -0.010727 -0.012447 -0.017073 -0.023596 -0.030943 -0.037929 -0.043584 -0.047276 -0.048708 -0.047926 -0.045292 -0.041265 -0.036418 -0.031302 -0.026267 -0.021576 -0.017421 -0.013915 -0.011039 -0.008758 -0.007089 -0.005935 -0.005255
0.011039 0.012228 0.014183 0.016931 0.020490 0.024858 0.029923 0.035364 0.040826 0.045697 0.049062 0.049817 0.046716 0.038480 0.024087 0.003022 -0.009675 -0.013269 -0.021629 -0.033131 -0.045747 -0.057596 -0.067068 -0.072996 -0.075008 -0.073367 -0.068704 -0.061953 -0.054059 -0.045822 -0.037901 -0.030713 -0.024480 -0.019270 -0.015078 -0.011826 -0.009411 -0.007766 -0.006799
0.014063 0.015665 0.018393 0.022335 0.027543 0.034013 0.041601 0.050123 0.059073 0.067554 0.074319 0.077623 0.075372 0.065373 0.045660 0.015117 -0.004200 -0.011265 -0.026189 -0.046242 -0.068065 -0.088209 -0.103855 -0.113318 -0.116051 -0.112562 -0.104263 -0.092838 -0.079885 -0.066765 -0.054417 -0.043420 -0.034057 -0.026394 -0.020314 -0.015684 -0.012321 -0.010043 -0.008726
0.017612 0.019833 0.023676 0.029200 0.036574 0.045943 0.057327 0.070462 0.084754 0.099171 0.111826 0.120106 0.120668 0.109658 0.083465 0.039621 0.010269 -0.003018 -0.029562 -0.064503 -0.101970 -0.136081 -0.162051 -0.176949 -0.180138 -0.173059 -0.158288 -0.138853 -0.117605 -0.096671 -0.077477 -0.060850 -0.047001 -0.035842 -0.027180 -0.020670 -0.015985 -0.012869 -0.011075
0.021778 0.024786 0.029938 0.037572 0.047950 0.061350 0.077999 0.097857 0.120373 0.144153 0.166794 0.184441 0.191734 0.182099 0.148788 0.086656 0.042235 0.017959 -0.028759 -0.089610 -0.154208 -0.212150 -0.255069 -0.278198 -0.281016 -0.266584 -0.240048 -0.207020 -0.172179 -0.138950 -0.109429 -0.084393 -0.064038 -0.048061 -0.035849 -0.026815 -0.020418 -0.016190 -0.013799
0.026496 0.030461 0.037376 0.047650 0.061874 0.080696 0.104700 0.134184 0.168844 0.207321 0.246526 0.280983 0.302329 0.299588 0.260457 0.174233 0.107648 0.064120 -0.018085 -0.124133 -0.235624 -0.334209 -0.405158 -0.440483 -0.440223 -0.411202 -0.363572 -0.307284 -0.250368 -0.198001 -0.152764 -0.115589 -0.086132 -0.063489 -0.046563 -0.034281 -0.025702 -0.020054 -0.016886
0.031635 0.036762 0.045785 0.059394 0.078575 0.104457 0.138277 0.181124 0.233404 0.294165 0.359998 0.423646 0.472668 0.488881 0.449886 0.334051 0.235437 0.158277 0.013844 -0.171379 -0.364492 -0.532863 -0.650265 -0.702840 -0.692716 -0.634717 -0.548802 -0.453185 -0.360688 -0.278773 -0.210501 -0.156018 -0.114008 -0.082494 -0.059459 -0.043027 -0.031731 -0.024456 -0.020383
0.037071 0.043543 0.055031 0.072603 0.097762 0.132486 0.179101 0.239956 0.317011 0.410697 0.518161 0.630883 0.731488 0.791015 0.769269 0.622388 0.479001 0.342927 0.088471 -0.235760 -0.571447 -0.860544 -1.055320 -1.130818 -1.094371 -0.979000 -0.824256 -0.662273 -0.513282 -0.386816 -0.285230 -0.206835 -0.148113 -0.105172 -0.074443 -0.052978 -0.038440 -0.029172 -0.024048
0.042459 0.050438 0.064691 0.086754 0.118925 0.164317 0.226791 0.310934 0.421404 0.561758 0.732077 0.924643 1.117657 1.267578 1.304356 1.139318 0.936674 0.696051 0.245951 -0.323234 -0.908710 -1.408472 -1.734166 -1.836341 -1.735280 -1.506014 -1.227536 -0.955341 -0.718415 -0.526549 -0.378555 -0.268215 -0.188034 -0.130981 -0.091073 -0.063711 -0.045511 -0.034039 -0.027736
0.047476 0.056961 0.074100 0.101051 0.140968 0.198410 0.279550 0.392152 0.545493 0.749113 1.010074 1.326947 1.678623 2.006759 2.195115 2.065280 1.792498 1.360658 0.558463 -0.441812 -1.464722 -2.336725 -2.890473 -3.013858 -2.758362 -2.302764 -1.804339 -1.353001 -0.983714 -0.699582 -0.489585 -0.338706 -0.232436 -0.158782 -0.108475 -0.074661 -0.052519 -0.038733 -0.031225
0.051617 0.062561 0.082514 0.114194 0.162003 0.232246 0.333808 0.478970 0.683660 0.967422 1.351195 1.850841 2.461076 3.122281 3.662685 3.733227 3.398432 2.594862 1.150819 -0.602376 -2.385942 -3.925271 -4.900332 -5.011603 -4.385471 -3.479415 -2.598094 -1.866764 -1.307855 -0.900827 -0.613284 -0.414163 -0.278292 -0.186549 -0.125276 -0.084891 -0.058784 -0.042782 -0.034160
0.054395 0.066557 0.088880 0.124807 0.179774 0.262059 0.383845 0.562682 0.823365 1.199760 1.735799 2.482319 3.482588 4.726700 6.032037 6.782207 6.454823 4.849380 2.220878 -0.820854 -3.900871 -6.652845 -8.491413 -8.480389 -6.934554 -5.140781 -3.622353 -2.481325 -1.671576 -1.114511 -0.738237 -0.487065 -0.320693 -0.211189 -0.139560 -0.093135 -0.063657 -0.045732 -0.036135
0.055262 0.068214 0.092138 0.131011 0.191374 0.283255 0.422001 0.630804 0.944300 1.413861 2.114482 3.152675 4.670734 6.826955 9.667474 12.520857 12.448820 8.837032 4.029188 -1.121093 -6.314907 -11.267846 -15.175254 -14.725647 -10.746771 -7.279481 -4.799506 -3.127945 -2.027367 -1.310556 -0.846262 -0.546429 -0.353182 -0.228826 -0.149025 -0.098172 -0.066263 -0.047074 -0.036888
0.053817 0.066892 0.091257 0.131284 0.194049 0.290962 0.439935 0.668692 1.020619 1.563641 2.404787 3.714783 5.771431 9.047657 14.429626 23.915272 24.862608 15.314487 6.770033 -1.541972 -9.894475 -18.578051 -28.437862 -26.656084 -15.620926 -9.496635 -5.870870 -3.661495 -2.296253 -1.445962 -0.913692 -0.579225 -0.368455 -0.235412 -0.151393 -0.098557 -0.065823 -0.046313 -0.035999
0.049745 0.062219 0.085581 0.124177 0.185345 0.280971 0.429864 0.662154 1.026082 1.599535 2.509790 3.968102 6.332743 10.229227 16.789091 28.118589 29.563679 18.563385 8.294602 -1.698373 -11.705231 -22.013058 -33.060848 -30.659384 -17.871109 -10.605588 -6.385454 -3.887027 -2.386325 -1.475062 -0.917068 -0.573137 -0.360013 -0.227422 -0.144791 -0.093385 -0.061775 -0.043115 -0.033309
0.042931 0.053976 0.074710 0.109160 0.164162 0.250808 0.387119 0.602113 0.942992 1.487162 2.362569 3.782902 6.108730 9.953057 16.357897 27.060242 28.601698 18.383867 8.338484 -1.594311 -11.514743 -21.509733 -31.590729 -29.134888 -17.215055 -10.221875 -6.113203 -3.683952 -2.236329 -1.366822 -0.840682 -0.520147 -0.323711 -0.202764 -0.128059 -0.081974 -0.053893 -0.037358 -0.028699
0.033654 0.042424 0.058930 0.086461 0.130619 0.200590 0.311301 0.487116 0.767802 1.218899 1.948946 3.138120 5.086271 8.289682 13.557581 22.171886 23.504477 15.361018 7.058189 -1.270640 -9.576376 -17.795849 -25.750044 -23.677118 -14.152782 -8.450265 -5.056540 -3.038542 -1.835596 -1.115330 -0.681746 -0.419223 -0.259370 -0.161539 -0.101498 -0.064703 -0.042342 -0.029224 -0.022381
0.022301 0.028089 0.039040 0.057320 0.086658 0.133226 0.207049 0.324537 0.512613 0.815403 1.305778 2.104162 3.408198 5.539011 9.008683 14.611556 15.521578 10.265618 4.778776 -0.785566 -6.333785 -11.761476 -16.884621 -15.505627 -9.340706 -5.607003 -3.364458 -2.022985 -1.220984 -0.740521 -0.451550 -0.276949 -0.170937 -0.106242 -0.066613 -0.042332 -0.027632 -0.019070 -0.014606
0.009619 0.012004 0.016459 0.023879 0.035709 0.054340 0.083640 0.129860 0.203216 0.320382 0.508672 0.812711 1.305070 2.102411 3.388649 5.447033 5.807065 3.910039 1.882392 -0.202794 -2.290913 -4.322834 -6.212101 -5.713320 -3.464985 -2.093596 -1.263830 -0.764122 -0.463546 -0.282525 -0.173149 -0.106726 -0.066177 -0.041325 -0.026068 -0.016687 -0.010983 -0.007618 -0.005831
-0.003623 -0.004817 -0.007140 -0.011168 -0.017850 -0.028841 -0.046925 -0.076760 -0.126120 -0.208011 -0.344308 -0.571373 -0.949245 -1.575360 -2.604055 -4.273155 -4.506966 -2.883285 -1.229564 0.412564 2.028167 3.600932 5.085515 4.640626 2.780403 1.655082 0.981863 0.582005 0.345475 0.205682 0.122935 0.073799 0.044514 0.026999 0.016514 0.010225 0.006486 0.004349 0.003233
-0.016414 -0.021078 -0.029905 -0.044826 -0.069146 -0.108311 -0.171284 -0.272873 -0.437679 -0.706474 -1.146978 -1.871896 -3.067164 -5.036111 -8.263446 -13.500936 -14.290156 -9.287588 -4.151686 0.994511 6.095863 11.089680 15.831463 14.501030 8.697904 5.193863 3.097714 1.850053 1.108394 0.666969 0.403383 0.245283 0.150028 0.092363 0.057356 0.036092 0.023314 0.015890 0.012015
-0.027954 -0.035609 -0.050105 -0.074466 -0.113821 -0.176713 -0.277136 -0.437985 -0.696951 -1.116492 -1.800596 -2.922794 -4.772932 -7.832178 -12.886640 -21.182102 -22.404610 -14.475890 -6.480782 1.476819 9.384937 17.219667 24.837944 22.803345 13.589886 8.085347 4.818681 2.882926 1.733454 1.048072 0.637346 0.389823 0.239843 0.148558 0.092782 0.058746 0.038185 0.026180 0.019952
-0.037491 -0.047476 -0.066325 -0.097805 -0.148341 -0.228459 -0.355258 -0.556568 -0.877778 -1.393625 -2.228315 -3.590213 -5.832288 -9.556366 -15.787877 -26.237362 -27.684147 -17.627544 -7.831036 1.794095 11.384404 21.063995 30.875631 28.444748 16.762400 9.922490 5.914371 3.551566 2.148099 1.307997 0.801391 0.493895 0.306164 0.190980 0.120117 0.076579 0.050083 0.034540 0.026429
-0.044615 -0.056149 -0.077791 -0.113651 -0.170760 -0.260454 -0.400806 -0.620848 -0.967350 -1.516094 -2.391468 -3.800745 -6.097017 -9.899499 -16.332186 -27.491581 -28.862110 -17.958118 -7.872048 1.885402 11.640518 21.716372 32.582687 30.191528 17.546762 10.380739 6.230480 3.780861 2.313913 1.425826 0.883696 0.550550 0.344701 0.217044 0.137710 0.088472 0.058317 0.040536 0.031207
-0.049098 -0.061306 -0.084090 -0.121637 -0.180757 -0.272410 -0.413820 -0.631905 -0.968777 -1.490723 -2.302581 -3.572228 -5.574346 -8.779290 -14.074992 -23.480734 -24.378801 -14.861859 -6.441004 1.705350 9.884769 18.422976 28.212244 26.427170 15.421327 9.342943 5.758269 3.581061 2.239676 1.406561 0.886410 0.560453 0.355590 0.226544 0.145282 0.094321 0.062798 0.044061 0.034146
-0.050932 -0.063089 -0.085623 -0.122341 -0.179502 -0.266761 -0.399000 -0.598653 -0.899350 -1.351130 -2.027344 -3.032408 -4.505948 -6.603236 -9.366891 -12.116802 -12.030819 -8.510328 -3.799534 1.244326 6.334133 11.202169 15.060393 14.596549 10.626119 7.179252 4.721612 3.069767 1.984969 1.280170 0.824759 0.531337 0.342633 0.221470 0.143891 0.094550 0.063638 0.045056 0.035236
-0.050501 -0.061978 -0.083091 -0.117119 -0.169293 -0.247609 -0.363811 -0.534848 -0.784787 -1.146440 -1.662294 -2.381470 -3.344847 -4.539266 -5.776626 -6.429627 -6.101213 -4.594921 -2.047494 0.919659 3.932696 6.631126 8.435477 8.409582 6.863215 5.077528 3.570427 2.440756 1.640929 1.091902 0.721827 0.475262 0.312297 0.205251 0.135349 0.090137 0.061459 0.044087 0.034776
-0.048143 -0.058515 -0.077427 -0.107516 -0.152912 -0.219744 -0.316624 -0.455280 -0.651025 -0.922594 -1.289834 -1.767068 -2.347075 -2.967342 -3.451623 -3.443681 -3.112016 -2.393584 -1.015019 0.683711 2.421516 3.925037 4.875968 4.974369 4.344433 3.440581 2.564497 1.839347 1.286373 0.884468 0.601084 0.405222 0.271783 0.181872 0.121897 0.082424 0.056993 0.041367 0.032954
-0.044429 -0.053415 -0.069641 -0.095184 -0.133125 -0.187768 -0.264995 -0.372221 -0.518225 -0.711900 -0.959414 -1.258244 -1.585691 -1.881226 -2.025699 -1.836928 -1.568278 -1.202681 -0.451093 0.508798 1.499236 2.346296 2.882606 2.995693 2.735696 2.279583 1.783116 1.334923 0.969017 0.688029 0.480767 0.332076 0.227527 0.155197 0.105858 0.072717 0.051037 0.037586 0.030263
-0.039804 -0.047318 -0.060845 -0.081773 -0.112279 -0.155328 -0.214553 -0.294298 -0.398815 -0.531167 -0.690789 -0.869058 -1.043103 -1.167971 -1.171816 -0.964212 -0.765469 -0.573898 -0.161682 0.377762 0.939817 1.421706 1.734714 1.828768 1.723378 1.492655 1.214564 0.943746 0.708629 0.518621 0.372306 0.263454 0.184457 0.128260 0.089056 0.062200 0.044361 0.033145 0.026969
-0.034785 -0.040933 -0.051782 -0.068374 -0.092166 -0.124997 -0.168993 -0.226293 -0.298552 -0.385880 -0.484932 -0.586566 -0.672651 -0.713327 -0.667554 -0.490657 -0.350449 -0.249749 -0.023109 0.279376 0.598109 0.874287 1.059722 1.128954 1.088819 0.971713 0.816573 0.655032 0.506888 0.381467 0.280912 0.203386 0.145405 0.103095 0.072874 0.051817 0.037537 0.028418 0.023408
-0.029707 -0.034531 -0.043018 -0.055859 -0.073909 -0.098238 -0.129959 -0.169993 -0.218536 -0.274307 -0.333635 -0.388817 -0.426901 -0.429292 -0.373064 -0.236275 -0.140235 -0.088165 0.036312 0.205703 0.386531 0.545530 0.656011 0.703836 0.690697 0.631055 0.544481 0.448809 0.356660 0.275267 0.207570 0.153650 0.112180 0.081114 0.058355 0.042158 0.031054 0.023887 0.019888
-0.024829 -0.028576 -0.035087 -0.044722 -0.058051 -0.075640 -0.097965 -0.125212 -0.156943 -0.191584 -0.225787 -0.253854 -0.267205 -0.254463 -0.203082 -0.102412 -0.037810 -0.011949 0.056046 0.150794 0.253386 0.345142 0.411023 0.442751 0.440102 0.409631 0.361220 0.304702 0.247882 0.195755 0.150824 0.113964 0.084797 0.062411 0.045732 0.033617 0.025170 0.019646 0.016527
-0.020410 -0.023218 -0.028065 -0.035175 -0.044828 -0.057245 -0.072588 -0.090708 -0.110963 -0.131854 -0.150753 -0.163668 -0.165064 -0.148243 -0.106385 -0.034364 0.008564 0.020537 0.057220 0.110000 0.168215 0.221195 0.260397 0.280846 0.281814 0.266217 0.239012 0.205645 0.170722 0.137554 0.108158 0.083332 0.063164 0.047322 0.035250 0.026340 0.020028 0.015877 0.013509
-0.016505 -0.018565 -0.022092 -0.027229 -0.034056 -0.042671 -0.053022 -0.064817 -0.077388 -0.089563 -0.099453 -0.104301 -0.100594 -0.084497 -0.052360 -0.001749 0.026514 0.031232 0.050668 0.079884 0.112831 0.143414 0.166654 0.179543 0.181318 0.173230 0.157874 0.138136 0.116745 0.095814 0.076686 0.060116 0.046357 0.035329 0.026748 0.020339 0.015726 0.012609 0.010844
-0.013116 -0.014621 -0.017163 -0.020773 -0.025526 -0.031378 -0.038204 -0.045734 -0.053373 -0.060209 -0.064908 -0.065694 -0.060429 -0.046825 -0.022985 0.012140 0.030673 0.031820 0.041831 0.057859 0.076377 0.093920 0.107619 0.115603 0.117251 0.113082 0.104303 0.092567 0.079459 0.066283 0.053931 0.042975 0.033691 0.026088 0.020094 0.015478 0.012128 0.009882 0.008567
-0.010310 -0.011363 -0.013152 -0.015695 -0.018930 -0.022837 -0.027269 -0.031935 -0.036437 -0.040092 -0.041965 -0.040888 -0.035632 -0.024904 -0.007631 0.016556 0.028605 0.028136 0.033054 0.041691 0.052062 0.062105 0.070117 0.074971 0.076197 0.073956 0.068920 0.061921 0.053874 0.045573 0.037632 0.030453 0.024220 0.019036 0.014861 0.011646 0.009263 0.007629 0.006701
-0.007980 -0.008728 -0.009969 -0.011683 -0.013856 -0.016414 -0.019254 -0.022119 -0.024649 -0.026429 -0.026829 -0.025163 -0.020578 -0.012368 -0.000076 0.016490 0.024317 0.023170 0.025384 0.029960 0.035653 0.041353 0.046009 0.048891 0.049723 0.048527 0.045585 0.041376 0.036424 0.031208 0.026126 0.021428 0.017299 0.013790 0.010912 0.008663 0.006995 0.005847 0.005175
-0.006127 -0.006651 -0.007468 -0.008613 -0.010071 -0.011725 -0.013465 -0.015158 -0.016564 -0.017304 -0.017020 -0.015253 -0.011540 -0.005478 0.003195 0.014468 0.019527 0.018307 0.019140 0.021435 0.024543 0.027729 0.030376 0.032070 0.032600 0.031899 0.030136 0.027608 0.024578 0.021300 0.018053 0.014995 0.012227 0.009876 0.007949 0.006387 0.005225 0.004414 0.003925
-0.004608 -0.004931 -0.005526 -0.006305 -0.007210 -0.008263 -0.009350 -0.010304 -0.010980 -0.011202 -0.010685 -0.009094 -0.006215 -0.001834 0.004228 0.011904 0.015161 0.013991 0.014160 0.015279 0.016910 0.018633 0.020147 0.021146 0.021423 0.021025 0.020010 0.018444 0.016522 0.014462 0.012373 0.010397 0.008614 0.007049 0.005715 0.004647 0.003854 0.003309 0.002973
-0.003467 -0.003709 -0.004063 -0.004556 -0.005178 -0.005826 -0.006424 -0.006951 -0.007290 -0.007214 -0.006600 -0.005323 -0.003158 -0.000005 0.004160 0.009323 0.011469 0.010511 0.010360 0.010822 0.011641 0.012596 0.013416 0.013961 0.014121 0.013841 0.013186 0.012261 0.011098 0.009796 0.008484 0.007178 0.006006 0.004969 0.004066 0.003393 0.002844 0.002417 0.002200
-0.002482 -0.002637 -0.002927 -0.003243 -0.003607 -0.003980 -0.004358 -0.004658 -0.004752 -0.004592 -0.004057 -0.003046 -0.001475 0.000742 0.003613 0.007076 0.008388 0.007658 0.007444 0.007574 0.007980 0.008465 0.008899 0.009184 0.009279 0.009139 0.008753 0.008147 0.007421 0.006608 0.005745 0.004934 0.004165 0.003471 0.002898 0.002393 0.002002 0.001766 0.001615
-0.001852 -0.001936 -0.002036 -0.002241 -0.002454 -0.002700 -0.002928 -0.003037 -0.003033 -0.002871 -0.002454 -0.001691 -0.000569 0.000945 0.002887 0.005177 0.006030 0.005434 0.005167 0.005192 0.005376 0.005621 0.005856 0.006001 0.006019 0.005922 0.005673 0.005300 0.004852 0.004344 0.003817 0.003304 0.002804 0.002362 0.001989 0.001666 0.001418 0.001241 0.001129
-0.001217 -0.001272 -0.001378 -0.001502 -0.001645 -0.001779 -0.001880 -0.001943 -0.001908 -0.001731 -0.001402 -0.000902 -0.000149 0.000858 0.002069 0.003537 0.004095 0.003718 0.003524 0.003490 0.003552 0.003648 0.003756 0.003834 0.003835 0.003745 0.003608 0.003381 0.003079 0.002783 0.002461 0.002133 0.001831 0.001554 0.001304 0.001107 0.000956 0.000851 0.000796
-0.000772 -0.000806 -0.000862 -0.000932 -0.001020 -0.001083 -0.001100 -0.001118 -0.001082 -0.000980 -0.000786 -0.000436 0.000020 0.000623 0.001388 0.002234 0.002513 0.002255 0.002141 0.002108 0.002119 0.002160 0.002187 0.002227 0.002244 0.002199 0.002092 0.001991 0.001859 0.001651 0.001474 0.001303 0.001105 0.000936 0.000799 0.000686 0.000605 0.000520 0.000460
-0.000368 -0.000383 -0.000406 -0.000427 -0.000450 -0.000471 -0.000522 -0.000542 -0.000516 -0.000450 -0.000336 -0.000194 0.000040 0.000326 0.000661 0.001074 0.001225 0.001089 0.000996 0.000975 0.000965 0.000989 0.001045 0.001039 0.001038 0.001033 0.000988 0.000922 0.000851 0.000778 0.000683 0.000591 0.000514 0.000455 0.000387 0.000314 0.000250 0.000267 0.000262
