0.000715 0.001446 0.002155 0.002886 0.003599 0.004286 0.004984 0.005597 0.006161 0.006640 0.006993 0.007231 0.007301 0.007247 0.007012 0.006628 0.006109 0.005667 0.005262 0.004897 0.004620 0.004384 0.004173 0.004007 0.003810 0.003657 0.003452 0.003264 0.003009 0.002777 0.002491 0.002226 0.001924 0.001628 0.001348 0.001049 0.000799 0.000516 0.000260
0.000821 0.001714 0.002537 0.003369 0.004250 0.005075 0.005894 0.006697 0.007342 0.007963 0.008389 0.008697 0.008807 0.008709 0.008448 0.007981 0.007346 0.006791 0.006321 0.005848 0.005558 0.005261 0.005053 0.004830 0.004640 0.004454 0.004237 0.003976 0.003702 0.003393 0.003058 0.002702 0.002339 0.001975 0.001625 0.001277 0.000935 0.000641 0.000302
0.001059 0.002121 0.003211 0.004283 0.005386 0.006529 0.007542 0.008623 0.009543 0.010323 0.010947 0.011379 0.011516 0.011419 0.011050 0.010432 0.009587 0.008838 0.008215 0.007632 0.007224 0.006876 0.006610 0.006361 0.006178 0.005907 0.005679 0.005313 0.004964 0.004516 0.004086 0.003593 0.003080 0.002611 0.002146 0.001660 0.001233 0.000811 0.000410
0.001404 0.002775 0.004251 0.005680 0.007206 0.008711 0.010183 0.011634 0.012976 0.014105 0.015013 0.015626 0.015864 0.015735 0.015209 0.014352 0.013126 0.012093 0.011181 0.010437 0.009842 0.009429 0.009082 0.008856 0.008592 0.008296 0.007960 0.007505 0.006969 0.006385 0.005705 0.005027 0.004287 0.003620 0.002916 0.002318 0.001675 0.001089 0.000560
0.001880 0.003765 0.005741 0.007713 0.009850 0.011936 0.014101 0.016144 0.018089 0.019793 0.021153 0.022068 0.022461 0.022297 0.021513 0.020268 0.018482 0.016971 0.015614 0.014579 0.013774 0.013226 0.012872 0.012592 0.012309 0.011976 0.011499 0.010862 0.010121 0.009215 0.008218 0.007160 0.006148 0.005122 0.004093 0.003255 0.002329 0.001537 0.000755
0.002557 0.005141 0.007833 0.010642 0.013553 0.016599 0.019688 0.022712 0.025587 0.028156 0.030228 0.031639 0.032269 0.032046 0.030922 0.028986 0.026397 0.024077 0.022076 0.020582 0.019482 0.018821 0.018424 0.018157 0.017927 0.017514 0.016894 0.015971 0.014860 0.013464 0.011982 0.010384 0.008849 0.007322 0.005881 0.004535 0.003308 0.002143 0.001072
0.003488 0.007022 0.010754 0.014650 0.018816 0.023144 0.027626 0.032119 0.036429 0.040317 0.043516 0.045735 0.046756 0.046445 0.044770 0.041842 0.037872 0.034349 0.031344 0.029132 0.027641 0.026869 0.026521 0.026421 0.026298 0.025852 0.025023 0.023669 0.021956 0.019858 0.017559 0.015147 0.012790 0.010527 0.008381 0.006435 0.004686 0.003005 0.001502
0.004724 0.009584 0.014747 0.020157 0.026093 0.032266 0.038837 0.045502 0.051974 0.057906 0.062896 0.066440 0.068094 0.067718 0.065106 0.060640 0.054522 0.049031 0.044497 0.041183 0.039167 0.038345 0.038324 0.038592 0.038784 0.038394 0.037280 0.035289 0.032610 0.029358 0.025808 0.022095 0.018511 0.015107 0.011939 0.009121 0.006581 0.004233 0.002071
0.006406 0.013041 0.020104 0.027689 0.035996 0.044931 0.054523 0.064388 0.074198 0.083309 0.091134 0.096772 0.099597 0.099100 0.095145 0.088070 0.078597 0.069930 0.062902 0.057967 0.055310 0.054639 0.055359 0.056580 0.057468 0.057320 0.055810 0.052831 0.048594 0.043489 0.037918 0.032221 0.026723 0.021619 0.016956 0.012874 0.009180 0.005924 0.002871
0.008651 0.017600 0.027255 0.037785 0.049491 0.062331 0.076269 0.090948 0.105826 0.119906 0.132242 0.141341 0.146151 0.145626 0.139530 0.128292 0.113286 0.099537 0.088400 0.080957 0.077523 0.077562 0.079989 0.083183 0.085593 0.086065 0.083953 0.079317 0.072575 0.064473 0.055691 0.046878 0.038470 0.030820 0.023962 0.018016 0.012780 0.008184 0.003985
0.011536 0.023584 0.036717 0.051209 0.067651 0.085973 0.106266 0.128076 0.150624 0.172528 0.192042 0.206969 0.215191 0.214923 0.205431 0.187476 0.163347 0.141013 0.123190 0.111820 0.107536 0.109514 0.115536 0.122746 0.128226 0.129945 0.126929 0.119511 0.108558 0.095568 0.081664 0.067943 0.055163 0.043686 0.033641 0.025032 0.017639 0.011201 0.005468
0.015259 0.031344 0.049006 0.068908 0.091741 0.117836 0.147259 0.179613 0.213779 0.247886 0.279014 0.303745 0.318101 0.318765 0.304020 0.274936 0.235501 0.198624 0.169563 0.151962 0.147082 0.153404 0.166830 0.182017 0.193428 0.197508 0.192975 0.180614 0.162632 0.141479 0.119379 0.098070 0.078589 0.061499 0.046827 0.034520 0.024101 0.015214 0.007386
0.020014 0.041194 0.064780 0.091838 0.123386 0.160238 0.202701 0.250504 0.302247 0.355320 0.405394 0.446647 0.472200 0.475569 0.452859 0.405107 0.339547 0.277551 0.229282 0.201621 0.196990 0.212568 0.240906 0.271587 0.294354 0.302616 0.295025 0.273858 0.243666 0.209016 0.173824 0.140714 0.111162 0.085811 0.064602 0.047076 0.032617 0.020465 0.009854
0.025900 0.053556 0.084703 0.121059 0.164334 0.215881 0.276744 0.346915 0.425035 0.507636 0.588402 0.657908 0.704103 0.714517 0.680113 0.600878 0.489693 0.383479 0.301864 0.257798 0.255564 0.290069 0.347903 0.408856 0.452788 0.468037 0.453728 0.416285 0.364780 0.307739 0.251662 0.200335 0.155854 0.118553 0.088106 0.063492 0.043579 0.027177 0.013003
0.033086 0.068744 0.109369 0.157698 0.216306 0.287725 0.374056 0.476261 0.593477 0.721640 0.851989 0.969992 1.054869 1.082523 1.032294 0.899439 0.706590 0.520945 0.381055 0.309985 0.314675 0.386811 0.502656 0.623053 0.706159 0.731560 0.702029 0.633651 0.544819 0.450663 0.361460 0.282547 0.216088 0.161893 0.118627 0.084530 0.057428 0.035557 0.016938
0.041725 0.086971 0.139292 0.202580 0.280955 0.378612 0.499566 0.646762 0.820958 1.018466 1.228403 1.429465 1.587275 1.655956 1.588845 1.364017 1.019675 0.688932 0.447242 0.331859 0.352241 0.496668 0.726352 0.965708 1.120776 1.156972 1.092031 0.964248 0.809864 0.654719 0.513805 0.393739 0.295670 0.217955 0.157465 0.110813 0.074568 0.045813 0.021738
0.051788 0.108338 0.174665 0.256311 0.359405 0.490852 0.657663 0.866543 1.121891 1.422879 1.758543 2.100689 2.395879 2.560394 2.490405 2.108971 1.468291 0.868840 0.452601 0.266470 0.317369 0.594034 1.046691 1.534025 1.818396 1.852834 1.704825 1.462620 1.194196 0.940410 0.720596 0.540507 0.398264 0.288627 0.205573 0.142832 0.095191 0.058048 0.027433
0.063160 0.132694 0.215310 0.318772 0.451979 0.625511 0.851233 1.141981 1.509420 1.960380 2.489442 3.066559 3.617538 4.001193 3.996849 3.361906 2.090585 0.992820 0.293960 0.003188 0.103182 0.602354 1.485569 2.529933 3.032174 3.002397 2.661423 2.201315 1.738755 1.329769 0.993242 0.728536 0.526458 0.375173 0.263279 0.180747 0.119291 0.072175 0.033984
0.075673 0.159548 0.260537 0.388988 0.557595 0.781661 1.080176 1.475321 1.991341 2.650819 3.465824 4.419892 5.433146 6.301503 6.605064 5.647505 2.845319 0.863425 -0.229880 -0.650368 -0.494971 0.314687 1.980879 4.438290 5.221951 4.902759 4.126760 3.264787 2.484278 1.841368 1.339474 0.960613 0.680867 0.477298 0.330194 0.224073 0.146468 0.088003 0.041242
0.088910 0.188113 0.308949 0.465020 0.673347 0.955550 1.339818 1.861669 2.564543 3.498219 4.711756 6.234903 8.034146 9.909488 11.252921 10.443400 3.196392 -0.028115 -1.460296 -1.974948 -1.819946 -0.783339 1.974945 8.670217 9.279121 7.977633 6.282332 4.724805 3.455870 2.481560 1.758799 1.234165 0.858855 0.592690 0.404681 0.271544 0.175965 0.105035 0.049017
0.102312 0.217181 0.358574 0.543702 0.794451 1.140055 1.619852 2.286390 3.209270 4.478152 6.203377 8.508926 11.505932 15.217565 19.380106 22.907923 22.359943 24.053122 25.614365 26.008913 24.936539 22.697382 20.331909 20.258032 16.605103 12.614347 9.219984 6.587873 4.638827 3.233542 2.237448 1.539184 1.053362 0.716716 0.483570 0.321216 0.206518 0.122541 0.056986
0.115230 0.245237 0.406867 0.620779 0.914307 1.324816 1.904069 2.724306 3.886295 5.529595 7.845882 11.094519 15.619404 21.868525 30.426458 42.148655 58.860332 71.431000 79.234596 81.533463 78.070435 69.184532 55.705952 38.390892 26.699865 18.501629 12.745184 8.732444 5.957060 4.049883 2.745760 1.857159 1.252887 0.842189 0.562394 0.370407 0.236471 0.139602 0.064727
0.126882 0.270685 0.450798 0.691368 1.024999 1.496987 2.171739 3.141642 4.540055 6.559859 9.481004 13.711498 19.849874 28.788464 41.895153 61.368313 90.950401 113.198311 126.848045 130.974640 125.285164 110.213005 86.823341 56.520542 37.210869 24.655886 16.392590 10.918203 7.279256 4.856070 3.240594 2.162637 1.442328 0.960043 0.635743 0.415806 0.263926 0.155173 0.071754
0.136515 0.291815 0.487343 0.750450 1.118137 1.642856 2.400248 3.500842 5.107541 7.462005 10.924501 16.036732 23.619980 34.933765 51.936073 77.712769 117.161285 147.118164 165.555710 171.203903 163.680862 143.546875 112.240143 71.932014 46.415157 30.128241 19.651070 12.867033 8.451495 5.565413 3.672423 2.427006 1.604979 1.060477 0.697819 0.453948 0.286911 0.168171 0.077589
0.143461 0.307052 0.513832 0.793353 1.186078 1.749720 2.568425 3.766580 5.529459 8.135639 12.005988 17.781332 26.443823 39.508419 59.324646 89.546158 135.842361 171.183426 193.001068 199.731155 190.907761 167.198700 130.351898 83.083702 53.184891 34.201939 22.093372 14.331304 9.331547 6.096488 3.994432 2.623220 1.725104 1.134338 0.743240 0.481787 0.303605 0.177566 0.081813
0.147221 0.315251 0.528156 0.816568 1.222915 1.807768 2.659968 3.911470 5.759985 8.504044 12.597682 18.734852 27.982721 41.988510 63.300781 95.860802 145.742828 183.902267 207.494736 214.793945 205.285446 179.697357 139.946838 89.030548 56.825066 36.408897 23.423704 15.131493 9.813129 6.387067 4.170479 2.730318 1.790565 1.174480 0.767895 0.496890 0.312607 0.182656 0.084100
0.147501 0.315825 0.529136 0.818144 1.225378 1.811571 2.665809 3.920422 5.773810 8.525410 12.630754 18.786129 28.062180 42.111588 63.490921 96.153465 146.191742 184.470673 208.136597 215.458038 205.919418 180.250977 140.376099 89.301445 56.995213 36.515652 23.490372 15.173119 9.839170 6.403295 4.180668 2.736692 1.794604 1.176982 0.769497 0.497860 0.313220 0.183012 0.084269
0.144241 0.308742 0.516747 0.797989 1.193288 1.760845 2.585502 3.792817 5.569917 8.198072 12.102638 17.931149 26.676222 39.868664 59.881935 90.405128 137.160477 172.852112 194.884720 201.679428 192.767593 168.823105 131.611633 83.877968 53.683357 34.514153 22.288221 14.452925 9.407504 6.143974 4.024181 2.641880 1.736866 1.141702 0.747922 0.484673 0.305383 0.178581 0.082272
0.137737 0.294527 0.492021 0.757853 1.129640 1.660541 2.427336 3.542479 5.171571 7.560691 11.077164 16.273306 23.987431 35.504490 52.821556 79.081734 119.265701 149.780441 168.557480 174.306885 166.642838 146.135605 114.248238 73.195694 47.206219 30.622028 19.958771 13.058928 8.571237 5.640394 3.719424 2.456520 1.623604 1.072220 0.705224 0.458574 0.289747 0.169773 0.078321
0.128504 0.274284 0.456919 0.701092 1.040065 1.520070 2.207016 3.195635 4.622859 6.687211 9.677653 14.015942 20.323053 29.525576 43.044491 63.156586 93.713066 116.685905 130.769836 135.023773 129.151321 113.597458 89.451653 58.166729 38.235264 25.292168 16.788073 11.164598 7.433185 4.952536 3.301237 2.200823 1.466521 0.975330 0.645406 0.421856 0.267616 0.157312 0.072715
0.117175 0.249485 0.414108 0.632249 0.931999 1.351830 1.945203 2.786929 3.981876 5.675975 8.070964 11.442027 16.158821 22.710581 31.748343 44.231831 62.129246 75.527809 83.813942 86.250145 82.578484 73.146965 58.798893 40.300148 27.873945 19.226225 13.194674 9.012731 6.132693 4.160349 2.815517 1.901305 1.280950 0.860025 0.573700 0.377522 0.240806 0.142129 0.065865
0.104462 0.221858 0.366568 0.556303 0.813749 1.169409 1.664278 2.353570 3.311103 4.632927 6.439577 8.871070 12.064513 16.086515 20.748873 25.107222 26.017960 28.509214 30.531445 31.053677 29.768543 26.985926 23.754471 22.261284 17.815145 13.358914 9.683392 6.878626 4.822260 3.349797 2.311362 1.586352 1.083459 0.736002 0.495841 0.328993 0.211287 0.125311 0.058226
0.091167 0.193032 0.317287 0.478120 0.693257 0.985669 1.385014 1.929425 2.666319 3.651236 4.942423 6.583765 8.563825 10.718433 12.498927 12.390286 6.317923 3.705627 2.628534 2.210171 2.194119 2.801333 4.882044 10.434501 10.374651 8.666775 6.719155 5.003151 3.633879 2.595722 1.832169 1.281472 0.889268 0.612310 0.417313 0.279553 0.180918 0.107900 0.050334
0.077974 0.164479 0.268862 0.401992 0.577250 0.811125 1.123955 1.540302 2.087698 2.793745 3.677663 4.733865 5.898052 6.987890 7.611444 7.097745 4.836138 3.240895 2.373904 2.013788 2.060955 2.599081 3.843137 5.747637 6.101204 5.483158 4.507175 3.513311 2.646444 1.947098 1.408418 1.005563 0.710148 0.496311 0.342593 0.231949 0.151385 0.090863 0.042571
0.065399 0.137448 0.223322 0.331181 0.470705 0.653166 0.891946 1.201643 1.596606 2.087539 2.674267 3.333961 4.001877 4.547288 4.758515 4.389607 3.396217 2.522312 1.959831 1.705339 1.738130 2.071670 2.706411 3.453210 3.692663 3.460186 2.972933 2.410935 1.878855 1.422943 1.055023 0.769402 0.553422 0.392912 0.274892 0.188260 0.123970 0.074942 0.035225
0.053868 0.112796 0.182136 0.267781 0.376606 0.515948 0.694156 0.919332 1.197788 1.531575 1.913166 2.318797 2.699937 2.976963 3.046590 2.823429 2.334002 1.861561 1.524744 1.359312 1.368940 1.546436 1.853754 2.171882 2.296622 2.198527 1.948666 1.631708 1.310094 1.019156 0.773825 0.576236 0.422199 0.304592 0.216080 0.149721 0.099529 0.060588 0.028607
0.043656 0.091036 0.146046 0.212909 0.296227 0.400742 0.531282 0.692002 0.884903 1.108335 1.353487 1.601527 1.820312 1.964946 1.986679 1.856212 1.596582 1.337769 1.141448 1.037258 1.032351 1.117648 1.261750 1.401970 1.459584 1.410575 1.276753 1.096031 0.902458 0.719023 0.558132 0.424003 0.316231 0.231821 0.166761 0.116867 0.078510 0.048088 0.022816
0.034828 0.072349 0.115326 0.166758 0.229534 0.306709 0.400917 0.513975 0.645942 0.793894 0.950515 1.102295 1.229422 1.307391 1.313216 1.236859 1.092221 0.947307 0.833054 0.767824 0.756777 0.793610 0.858508 0.919689 0.942969 0.913993 0.838650 0.733672 0.616748 0.501740 0.397286 0.307491 0.233209 0.173643 0.126620 0.089779 0.060858 0.037563 0.017886
0.027369 0.056722 0.089840 0.128831 0.175540 0.231776 0.298963 0.377627 0.467093 0.564467 0.664335 0.757677 0.832669 0.876003 0.876803 0.831580 0.748019 0.664915 0.597613 0.556443 0.544357 0.557555 0.584736 0.609878 0.616826 0.597476 0.552997 0.490654 0.419428 0.347370 0.279946 0.220347 0.169846 0.128266 0.094766 0.067979 0.046453 0.028910 0.013825
0.021259 0.043892 0.069128 0.098342 0.132717 0.173261 0.220736 0.274996 0.335309 0.399218 0.462942 0.520751 0.565648 0.590445 0.589837 0.562584 0.512863 0.464042 0.423705 0.397264 0.386481 0.388987 0.398746 0.407514 0.407297 0.393530 0.366186 0.328306 0.284477 0.239153 0.195723 0.156445 0.122372 0.093654 0.070046 0.050778 0.035034 0.021916 0.010552
0.016341 0.033548 0.052623 0.074280 0.099343 0.128340 0.161621 0.198856 0.239319 0.281265 0.322068 0.358113 0.385357 0.399937 0.399036 0.382315 0.351975 0.322582 0.297918 0.280662 0.271860 0.270086 0.272172 0.273791 0.270879 0.260882 0.243466 0.219988 0.192679 0.164029 0.136035 0.110257 0.087341 0.067724 0.051225 0.037504 0.026100 0.016440 0.007922
0.012415 0.025421 0.039656 0.055577 0.073723 0.094321 0.117525 0.142978 0.170077 0.197616 0.223827 0.246501 0.263272 0.271950 0.271146 0.260673 0.241740 0.223636 0.208180 0.196825 0.189988 0.186897 0.185897 0.184690 0.181153 0.173856 0.162524 0.147653 0.130450 0.112207 0.094171 0.077209 0.061920 0.048536 0.037118 0.027447 0.019224 0.012199 0.005890
0.009337 0.019098 0.029625 0.041265 0.054290 0.068866 0.084971 0.102321 0.120491 0.138568 0.155483 0.169845 0.180314 0.185540 0.184868 0.178186 0.166153 0.154704 0.144875 0.137266 0.132146 0.129004 0.127046 0.124956 0.121685 0.116371 0.108874 0.099283 0.088355 0.076649 0.064945 0.053828 0.043637 0.034552 0.026691 0.019894 0.014046 0.008936 0.004353
0.006975 0.014228 0.021962 0.030422 0.039735 0.049999 0.061161 0.072962 0.085132 0.097042 0.108016 0.117189 0.123714 0.126963 0.126387 0.122043 0.114282 0.106889 0.100509 0.095366 0.091594 0.088881 0.086867 0.084747 0.082035 0.078192 0.073150 0.066897 0.059869 0.052319 0.044680 0.037406 0.030587 0.024471 0.019056 0.014305 0.010173 0.006505 0.003178
0.005165 0.010542 0.016165 0.022303 0.028939 0.036134 0.043840 0.051911 0.060042 0.067916 0.075075 0.080951 0.085081 0.087073 0.086624 0.083738 0.078640 0.073796 0.069591 0.066095 0.063326 0.061210 0.059394 0.057605 0.055457 0.052719 0.049297 0.045161 0.040604 0.035690 0.030711 0.025914 0.021374 0.017234 0.013521 0.010250 0.007300 0.004712 0.002308
0.003797 0.007755 0.011879 0.016262 0.020984 0.026036 0.031341 0.036855 0.042318 0.047545 0.052225 0.055986 0.058671 0.059856 0.059511 0.057561 0.054162 0.050949 0.048130 0.045744 0.043714 0.042159 0.040618 0.039241 0.037603 0.035647 0.033299 0.030586 0.027567 0.024366 0.021097 0.017913 0.014888 0.012105 0.009560 0.007279 0.005246 0.003362 0.001679
0.002800 0.005682 0.008689 0.011824 0.015193 0.018701 0.022407 0.026147 0.029841 0.033302 0.036388 0.038851 0.040532 0.041273 0.041017 0.039659 0.037350 0.035227 0.033287 0.031659 0.030184 0.029021 0.027859 0.026785 0.025572 0.024180 0.022588 0.020748 0.018766 0.016649 0.014499 0.012382 0.010350 0.008500 0.006728 0.005149 0.003769 0.002389 0.001203
0.002056 0.004170 0.006331 0.008608 0.010986 0.013450 0.016044 0.018588 0.021077 0.023414 0.025432 0.027068 0.028123 0.028575 0.028388 0.027442 0.025864 0.024378 0.023108 0.021925 0.020891 0.020019 0.019184 0.018351 0.017448 0.016478 0.015401 0.014139 0.012800 0.011429 0.009974 0.008564 0.007237 0.005939 0.004723 0.003690 0.002658 0.001710 0.000861
0.001533 0.003030 0.004646 0.006285 0.007964 0.009755 0.011525 0.013282 0.014970 0.016594 0.017902 0.018979 0.019674 0.019940 0.019784 0.019123 0.018024 0.017020 0.016097 0.015271 0.014543 0.013906 0.013263 0.012675 0.012002 0.011308 0.010572 0.009720 0.008800 0.007885 0.006905 0.005944 0.005087 0.004155 0.003346 0.002633 0.001875 0.001227 0.000629
0.001144 0.002252 0.003439 0.004642 0.005873 0.007125 0.008368 0.009634 0.010779 0.011886 0.012787 0.013512 0.013947 0.014124 0.014006 0.013494 0.012711 0.012044 0.011341 0.010790 0.010256 0.009776 0.009304 0.008852 0.008391 0.007885 0.007353 0.006751 0.006159 0.005489 0.004851 0.004191 0.003591 0.002960 0.002399 0.001855 0.001369 0.000887 0.000455
0.000847 0.001752 0.002607 0.003506 0.004440 0.005317 0.006252 0.007167 0.007974 0.008749 0.009375 0.009873 0.010175 0.010264 0.010176 0.009799 0.009234 0.008714 0.008214 0.007834 0.007412 0.007052 0.006707 0.006347 0.006007 0.005642 0.005268 0.004801 0.004415 0.003948 0.003486 0.003035 0.002597 0.002170 0.001742 0.001371 0.001004 0.000667 0.000333
0.000685 0.001387 0.002066 0.002772 0.003487 0.004198 0.004908 0.005564 0.006214 0.006748 0.007230 0.007573 0.007800 0.007846 0.007762 0.007473 0.007050 0.006646 0.006267 0.005966 0.005625 0.005333 0.005068 0.004813 0.004517 0.004237 0.003969 0.003619 0.003308 0.002982 0.002646 0.002304 0.001963 0.001671 0.001319 0.001080 0.000769 0.000513 0.000255
0.000589 0.001186 0.001765 0.002366 0.002958 0.003583 0.004134 0.004689 0.005227 0.005650 0.006041 0.006321 0.006493 0.006519 0.006453 0.006181 0.005854 0.005480 0.005214 0.004934 0.004640 0.004411 0.004179 0.003950 0.003742 0.003458 0.003252 0.002989 0.002717 0.002427 0.002205 0.001886 0.001624 0.001398 0.001087 0.000898 0.000640 0.000462 0.000176
